[
["obj0", 11, 22.98244, 77],
["obj1", 11, 23.87886, 276],
["obj2", 11, 21.95274, 409],
["obj3", 11, 22.54754, 452],
["obj4", 11, 22.56699, 482],
["obj5", 12, 22.04909, 275],
["obj6", 12, 23.19485, 330],
["obj7", 12, 24.62145, 349],
["obj8", 12, 23.47325, 350],
["obj9", 12, 21.25551, 354],
["obj10", 12, 21.2638, 388],
["obj11", 12, 22.88651, 446],
["obj12", 12, 23.18916, 481],
["obj13", 13, 22.84396, 73],
["obj14", 13, 23.51718, 269],
["obj15", 13, 22.51038, 411],
["obj16", 13, 20.44656, 493],
["obj17", 14, 24.54196, 399],
["obj18", 14, 20.78584, 419],
["obj19", 14, 24.18449, 426],
["obj20", 14, 21.91515, 435],
["obj21", 14, 23.40761, 442],
["obj22", 14, 24.85439, 476],
["obj23", 15, 24.98381, 320],
["obj24", 15, 21.3806, 376],
["obj25", 15, 20.92016, 392],
["obj26", 15, 20.60667, 407],
["obj27", 16, 20.67785, 281],
["obj28", 16, 21.2255, 289],
["obj29", 16, 23.1468, 303],
["obj30", 16, 20.038, 331],
["obj31", 16, 21.74121, 341],
["obj32", 16, 24.48986, 415],
["obj33", 16, 22.76876, 434],
["obj34", 16, 24.53982, 447],
["obj35", 16, 22.59698, 486],
["obj36", 16, 20.03927, 491],
["obj37", 17, 21.44579, 295],
["obj38", 17, 23.81771, 306],
["obj39", 17, 24.19373, 381],
["obj40", 17, 22.32129, 426],
["obj41", 18, 23.94151, 385],
["obj42", 19, 21.16558, 305],
["obj43", 19, 23.31011, 420],
["obj44", 19, 20.05581, 458],
["obj45", 20, 23.53158, 296],
["obj46", 20, 20.18721, 356],
["obj47", 20, 24.6599, 380],
["obj48", 20, 20.19531, 453],
["obj49", 20, 22.7496, 466],
["obj50", 21, 20.94616, 330],
["obj51", 21, 23.85009, 371],
["obj52", 21, 23.92735, 372],
["obj53", 21, 22.64005, 393],
["obj54", 21, 23.77027, 398],
["obj55", 22, 22.52505, 346],
["obj56", 22, 21.69701, 431],
["obj57", 22, 24.31244, 481],
["obj58", 22, 20.6433, 497],
["obj59", 23, 21.91748, 400],
["obj60", 24, 23.09974, 392],
["obj61", 24, 20.12008, 432],
["obj62", 25, 21.91673, 486],
["obj63", 26, 20.21593, 396],
["obj64", 26, 22.81461, 443],
["obj65", 27, 24.87923, 387],
["obj66", 27, 22.42272, 400],
["obj67", 27, 24.05832, 458],
["obj68", 27, 20.84934, 490],
["obj69", 28, 24.38707, 368],
["obj70", 28, 20.05901, 372],
["obj71", 28, 23.93701, 398],
["obj72", 28, 21.12464, 475],
["obj73", 29, 24.89849, 449],
["obj74", 29, 23.58805, 467],
["obj75", 30, 24.9715, 360],
["obj76", 30, 22.05982, 427],
["obj77", 30, 20.84995, 442],
["obj78", 31, 23.39829, 195],
["obj79", 31, 23.99609, 206],
["obj80", 31, 23.35987, 388],
["obj81", 31, 23.8727, 404],
["obj82", 32, 20.81479, 212],
["obj83", 32, 22.22594, 436],
["obj84", 33, 22.49784, 200],
["obj85", 33, 21.6136, 207],
["obj86", 34, 24.54931, 216],
["obj87", 35, 24.40984, 190],
["obj88", 35, 23.5333, 365],
["obj89", 35, 21.54049, 454],
["obj90", 35, 23.69554, 490],
["obj91", 36, 24.56437, 184],
["obj92", 36, 20.84787, 209],
["obj93", 37, 22.4287, 204],
["obj94", 37, 22.47097, 210],
["obj95", 37, 22.28497, 437],
["obj96", 38, 24.57859, 156],
["obj97", 38, 24.82843, 179],
["obj98", 38, 22.66781, 226],
["obj99", 38, 21.86106, 376],
["obj100", 38, 21.8982, 403],
["obj101", 38, 24.57509, 456],
["obj102", 38, 21.36562, 475],
["obj103", 39, 22.32106, 114],
["obj104", 39, 24.3316, 201],
["obj105", 39, 22.14233, 238],
["obj106", 39, 22.55852, 413],
["obj107", 40, 20.12155, 17],
["obj108", 40, 21.58639, 129],
["obj109", 40, 24.50247, 393],
["obj110", 40, 22.55675, 446],
["obj111", 40, 20.74908, 472],
["obj112", 40, 24.23151, 482],
["obj113", 40, 21.84157, 496],
["obj114", 41, 24.15557, 129],
["obj115", 41, 21.80282, 133],
["obj116", 41, 21.10918, 187],
["obj117", 41, 23.07128, 427],
["obj118", 41, 20.02585, 485],
["obj119", 41, 20.67686, 486],
["obj120", 41, 20.20226, 493],
["obj121", 42, 24.75578, 83],
["obj122", 42, 24.93054, 130],
["obj123", 42, 23.03942, 153],
["obj124", 42, 20.26228, 196],
["obj125", 42, 24.03266, 247],
["obj126", 42, 23.7853, 440],
["obj127", 42, 21.56066, 441],
["obj128", 42, 23.13073, 450],
["obj129", 42, 24.67535, 453],
["obj130", 42, 20.60047, 494],
["obj131", 43, 24.93325, 18],
["obj132", 43, 23.9872, 119],
["obj133", 43, 24.6608, 182],
["obj134", 43, 22.23277, 198],
["obj135", 43, 21.21707, 203],
["obj136", 43, 24.56969, 420],
["obj137", 43, 24.14081, 423],
["obj138", 43, 24.32216, 435],
["obj139", 43, 21.81008, 438],
["obj140", 43, 23.73218, 494],
["obj141", 44, 21.4473, 26],
["obj142", 44, 23.38019, 28],
["obj143", 44, 21.81762, 116],
["obj144", 44, 21.76887, 126],
["obj145", 44, 20.39105, 145],
["obj146", 44, 20.15261, 239],
["obj147", 44, 23.74093, 417],
["obj148", 45, 21.41568, 48],
["obj149", 45, 23.60059, 81],
["obj150", 45, 24.55209, 106],
["obj151", 45, 24.73678, 108],
["obj152", 45, 22.98469, 146],
["obj153", 45, 22.96433, 166],
["obj154", 45, 24.58277, 170],
["obj155", 45, 23.7176, 181],
["obj156", 45, 22.45675, 185],
["obj157", 45, 24.07913, 437],
["obj158", 46, 23.4887, 66],
["obj159", 46, 20.31112, 87],
["obj160", 46, 24.89579, 245],
["obj161", 46, 23.73221, 471],
["obj162", 46, 24.92046, 474],
["obj163", 47, 23.88121, 16],
["obj164", 47, 23.11085, 50],
["obj165", 47, 21.18479, 119],
["obj166", 47, 23.70604, 122],
["obj167", 47, 24.31871, 144],
["obj168", 47, 21.13464, 455],
["obj169", 47, 20.50338, 464],
["obj170", 47, 21.65532, 473],
["obj171", 48, 21.95996, 49],
["obj172", 48, 20.46244, 86],
["obj173", 48, 23.23052, 111],
["obj174", 48, 22.74577, 119],
["obj175", 48, 23.8874, 202],
["obj176", 48, 24.84364, 249],
["obj177", 48, 20.16796, 258],
["obj178", 48, 21.26186, 477],
["obj179", 48, 22.31129, 485],
["obj180", 49, 23.18079, 34],
["obj181", 49, 22.14854, 57],
["obj182", 49, 23.7735, 95],
["obj183", 49, 21.4927, 191],
["obj184", 49, 24.48696, 201],
["obj185", 49, 23.38061, 205],
["obj186", 49, 21.21622, 458],
["obj187", 50, 21.09691, 38],
["obj188", 50, 24.66639, 50],
["obj189", 50, 23.59304, 89],
["obj190", 50, 22.46152, 118],
["obj191", 50, 21.91835, 226],
["obj192", 50, 23.96172, 240],
["obj193", 50, 22.81606, 257],
["obj194", 50, 21.00716, 498],
["obj195", 51, 20.32752, 25],
["obj196", 51, 22.2099, 107],
["obj197", 51, 23.7196, 232],
["obj198", 51, 24.56268, 246],
["obj199", 51, 23.56742, 263],
["obj200", 51, 24.06755, 276],
["obj201", 51, 23.5965, 474],
["obj202", 52, 22.87446, 29],
["obj203", 52, 23.04118, 33],
["obj204", 52, 22.55171, 63],
["obj205", 52, 21.8185, 182],
["obj206", 52, 20.50721, 188],
["obj207", 52, 21.82006, 201],
["obj208", 52, 24.7747, 236],
["obj209", 52, 23.23198, 238],
["obj210", 53, 21.20621, 62],
["obj211", 53, 20.33742, 130],
["obj212", 53, 24.65932, 137],
["obj213", 53, 20.35074, 446],
["obj214", 53, 23.74707, 495],
["obj215", 54, 24.39064, 28],
["obj216", 54, 23.61274, 55],
["obj217", 54, 20.84228, 79],
["obj218", 54, 23.62937, 106],
["obj219", 54, 24.90619, 184],
["obj220", 54, 23.60702, 188],
["obj221", 54, 21.40251, 266],
["obj222", 55, 22.49239, 33],
["obj223", 55, 21.42937, 108],
["obj224", 55, 21.91251, 117],
["obj225", 55, 21.42515, 121],
["obj226", 55, 20.01084, 145],
["obj227", 55, 24.11146, 146],
["obj228", 55, 22.93313, 226],
["obj229", 55, 22.39641, 295],
["obj230", 55, 24.34781, 300],
["obj231", 55, 23.86431, 470],
["obj232", 56, 22.7262, 14],
["obj233", 56, 23.7196, 76],
["obj234", 56, 23.2537, 95],
["obj235", 56, 23.37312, 262],
["obj236", 56, 21.50354, 483],
["obj237", 56, 23.38772, 493],
["obj238", 57, 22.63917, 53],
["obj239", 57, 22.70739, 84],
["obj240", 57, 23.44513, 88],
["obj241", 57, 21.09982, 110],
["obj242", 57, 24.60616, 164],
["obj243", 57, 23.27189, 256],
["obj244", 57, 23.46006, 290],
["obj245", 57, 23.76045, 293],
["obj246", 57, 22.50533, 463],
["obj247", 57, 23.32174, 492],
["obj248", 58, 21.6789, 39],
["obj249", 58, 24.85997, 137],
["obj250", 58, 24.13817, 201],
["obj251", 58, 22.07398, 241],
["obj252", 58, 20.32572, 251],
["obj253", 58, 22.23736, 452],
["obj254", 58, 22.05688, 458],
["obj255", 59, 23.06968, 61],
["obj256", 59, 21.09682, 84],
["obj257", 59, 21.53286, 106],
["obj258", 59, 20.42333, 169],
["obj259", 59, 23.09764, 215],
["obj260", 59, 22.29856, 220],
["obj261", 59, 24.10568, 234],
["obj262", 59, 20.34815, 259],
["obj263", 59, 23.95888, 461],
["obj264", 59, 24.59253, 482],
["obj265", 60, 20.97943, 63],
["obj266", 60, 20.5275, 99],
["obj267", 60, 20.80506, 126],
["obj268", 60, 20.76842, 216],
["obj269", 61, 22.86884, 106],
["obj270", 61, 24.15599, 136],
["obj271", 61, 22.14155, 217],
["obj272", 61, 20.61513, 244],
["obj273", 61, 24.09342, 245],
["obj274", 61, 21.69489, 247],
["obj275", 61, 24.08714, 451],
["obj276", 61, 24.07852, 470],
["obj277", 62, 21.46174, 145],
["obj278", 62, 23.45977, 167],
["obj279", 62, 20.18992, 177],
["obj280", 62, 21.23872, 204],
["obj281", 62, 20.80011, 228],
["obj282", 62, 24.1988, 247],
["obj283", 62, 20.3502, 257],
["obj284", 62, 22.24951, 330],
["obj285", 62, 20.90497, 472],
["obj286", 63, 20.5624, 46],
["obj287", 63, 22.09348, 143],
["obj288", 63, 22.54134, 156],
["obj289", 63, 23.34956, 198],
["obj290", 63, 21.95698, 226],
["obj291", 63, 24.0577, 243],
["obj292", 63, 22.68325, 279],
["obj293", 63, 23.78303, 291],
["obj294", 63, 23.08842, 474],
["obj295", 64, 23.85432, 200],
["obj296", 64, 22.99925, 210],
["obj297", 64, 24.60608, 214],
["obj298", 64, 20.88757, 251],
["obj299", 64, 23.03827, 456],
["obj300", 65, 24.5673, 72],
["obj301", 65, 20.40678, 475],
["obj302", 66, 21.72046, 26],
["obj303", 66, 22.46202, 68],
["obj304", 66, 21.02754, 172],
["obj305", 66, 20.80682, 200],
["obj306", 66, 21.50571, 328],
["obj307", 66, 22.41688, 471],
["obj308", 67, 21.20362, 12],
["obj309", 67, 22.17897, 162],
["obj310", 67, 20.1237, 213],
["obj311", 67, 20.62278, 230],
["obj312", 67, 20.95483, 324],
["obj313", 67, 22.46235, 476],
["obj314", 67, 20.56694, 497],
["obj315", 68, 22.19139, 15],
["obj316", 68, 24.72067, 62],
["obj317", 68, 20.27262, 82],
["obj318", 68, 21.27922, 85],
["obj319", 68, 23.24318, 166],
["obj320", 68, 24.1258, 203],
["obj321", 68, 24.36252, 456],
["obj322", 69, 21.04351, 22],
["obj323", 69, 24.4399, 68],
["obj324", 69, 22.08362, 167],
["obj325", 69, 24.15309, 243],
["obj326", 69, 23.80125, 328],
["obj327", 70, 21.49813, 36],
["obj328", 70, 20.37823, 286],
["obj329", 70, 24.36726, 301],
["obj330", 70, 21.45379, 486],
["obj331", 71, 20.74995, 57],
["obj332", 71, 24.00243, 213],
["obj333", 71, 24.12874, 291],
["obj334", 71, 22.0591, 295],
["obj335", 71, 24.38069, 311],
["obj336", 71, 23.60993, 316],
["obj337", 71, 23.03333, 333],
["obj338", 71, 24.10695, 345],
["obj339", 72, 21.81789, 57],
["obj340", 72, 21.93816, 204],
["obj341", 72, 23.87612, 265],
["obj342", 72, 21.73998, 284],
["obj343", 73, 23.06789, 16],
["obj344", 73, 21.82696, 27],
["obj345", 73, 22.10155, 70],
["obj346", 73, 24.43293, 216],
["obj347", 73, 21.73424, 233],
["obj348", 73, 23.99985, 461],
["obj349", 73, 22.70461, 496],
["obj350", 74, 20.91238, 24],
["obj351", 74, 24.50151, 36],
["obj352", 74, 20.68274, 299],
["obj353", 74, 22.01749, 319],
["obj354", 74, 20.44872, 482],
["obj355", 74, 20.31604, 488],
["obj356", 75, 22.41916, 11],
["obj357", 75, 24.79678, 246],
["obj358", 75, 20.78515, 259],
["obj359", 75, 22.26681, 333],
["obj360", 75, 21.38737, 337],
["obj361", 76, 24.65526, 33],
["obj362", 76, 20.54953, 35],
["obj363", 76, 20.52959, 278],
["obj364", 76, 22.89208, 326],
["obj365", 77, 21.9458, 249],
["obj366", 77, 20.95941, 258],
["obj367", 77, 21.0102, 259],
["obj368", 77, 23.99554, 265],
["obj369", 77, 24.02975, 359],
["obj370", 78, 22.03854, 247],
["obj371", 78, 22.13634, 302],
["obj372", 78, 24.30679, 363],
["obj373", 78, 24.53966, 375],
["obj374", 78, 22.14403, 402],
["obj375", 79, 22.28959, 25],
["obj376", 79, 22.73069, 317],
["obj377", 79, 24.74992, 392],
["obj378", 80, 21.40092, 39],
["obj379", 80, 24.01353, 292],
["obj380", 80, 24.35741, 307],
["obj381", 80, 22.99936, 308],
["obj382", 81, 24.01868, 25],
["obj383", 81, 20.29025, 32],
["obj384", 81, 22.20571, 378],
["obj385", 81, 21.11855, 380],
["obj386", 81, 24.16052, 397],
["obj387", 82, 22.04368, 373],
["obj388", 83, 21.27644, 15],
["obj389", 83, 20.63248, 44],
["obj390", 83, 23.27405, 327],
["obj391", 83, 23.56135, 476],
["obj392", 83, 20.90904, 479],
["obj393", 83, 21.28601, 499],
["obj394", 84, 22.2738, 275],
["obj395", 84, 23.41108, 287],
["obj396", 84, 23.48871, 315],
["obj397", 84, 24.51831, 328],
["obj398", 84, 20.30551, 340],
["obj399", 84, 20.49321, 383],
["obj400", 84, 21.42099, 495],
["obj401", 84, 23.12565, 498],
["obj402", 85, 21.03745, 287],
["obj403", 85, 21.1822, 490],
["obj404", 86, 21.9002, 411],
["obj405", 87, 20.66203, 351],
["obj406", 87, 20.91503, 497],
["obj407", 88, 22.03396, 348],
["obj408", 88, 22.28237, 369],
["obj409", 88, 23.41563, 422],
["obj410", 89, 20.36715, 37],
["obj411", 89, 20.16902, 348],
["obj412", 89, 23.45013, 374],
["obj413", 89, 21.69061, 485],
["obj414", 90, 24.63809, 39],
["obj415", 90, 20.09337, 314],
["obj416", 90, 20.34348, 359],
["obj417", 90, 21.50163, 429],
["obj418", 91, 21.43106, 26],
["obj419", 91, 23.4015, 357],
["obj420", 91, 24.70089, 360],
["obj421", 91, 20.81648, 422],
["obj422", 91, 23.69697, 486],
["obj423", 92, 22.41813, 31],
["obj424", 92, 20.94693, 389],
["obj425", 94, 21.0505, 13],
["obj426", 94, 22.28703, 366],
["obj427", 94, 23.84339, 372],
["obj428", 95, 21.03147, 356],
["obj429", 95, 23.35192, 364],
["obj430", 95, 22.37884, 419],
["obj431", 95, 21.34536, 430],
["obj432", 96, 23.30191, 36],
["obj433", 96, 20.21624, 378],
["obj434", 97, 24.64528, 349],
["obj435", 97, 20.28036, 356],
["obj436", 97, 20.62173, 426],
["obj437", 97, 22.519, 434],
["obj438", 98, 22.49961, 353],
["obj439", 98, 20.19118, 370],
["obj440", 98, 22.83737, 418],
["obj441", 98, 21.13472, 433],
["obj442", 98, 20.20128, 476],
["obj443", 99, 20.09775, 112],
["obj444", 99, 20.53715, 128],
["obj445", 99, 23.56815, 351],
["obj446", 99, 24.78777, 353],
["obj447", 99, 22.24789, 386],
["obj448", 99, 21.80619, 487],
["obj449", 100, 21.31946, 25],
["obj450", 100, 23.23028, 353],
["obj451", 100, 24.22688, 356],
["obj452", 100, 22.86421, 357],
["obj453", 100, 21.99019, 403],
["obj454", 100, 23.04997, 417],
["obj455", 100, 23.50378, 431],
["obj456", 101, 22.7572, 26],
["obj457", 102, 21.18221, 38],
["obj458", 102, 21.8117, 407],
["obj459", 102, 24.45976, 435],
["obj460", 102, 21.87583, 498],
["obj461", 103, 22.27759, 382],
["obj462", 104, 23.8289, 21],
["obj463", 105, 20.4419, 20],
["obj464", 105, 21.21292, 125],
["obj465", 105, 24.5494, 372],
["obj466", 105, 23.434, 384],
["obj467", 105, 21.82821, 404],
["obj468", 105, 23.96981, 475],
["obj469", 106, 24.33709, 120],
["obj470", 106, 24.80931, 166],
["obj471", 106, 20.15161, 188],
["obj472", 106, 22.84726, 422],
["obj473", 106, 20.77232, 476],
["obj474", 107, 20.55903, 131],
["obj475", 107, 23.45881, 157],
["obj476", 107, 23.68306, 181],
["obj477", 107, 20.68079, 415],
["obj478", 108, 21.4369, 18],
["obj479", 108, 23.00642, 120],
["obj480", 108, 24.86195, 142],
["obj481", 108, 20.99503, 159],
["obj482", 108, 20.09634, 434],
["obj483", 108, 21.91382, 492],
["obj484", 109, 23.06542, 28],
["obj485", 109, 21.61589, 406],
["obj486", 109, 21.3817, 490],
["obj487", 110, 23.03996, 24],
["obj488", 110, 20.99858, 149],
["obj489", 110, 20.6532, 183],
["obj490", 110, 20.11709, 186],
["obj491", 110, 23.27782, 228],
["obj492", 110, 23.4628, 395],
["obj493", 110, 21.07071, 404],
["obj494", 111, 24.69007, 24],
["obj495", 111, 24.64751, 90],
["obj496", 111, 20.24356, 126],
["obj497", 111, 23.23928, 174],
["obj498", 111, 24.06463, 387],
["obj499", 111, 22.77235, 412],
["obj500", 111, 22.6475, 430],
["obj501", 111, 21.30208, 498],
["obj502", 112, 22.04557, 25],
["obj503", 112, 24.73813, 100],
["obj504", 112, 20.26187, 130],
["obj505", 112, 23.8373, 146],
["obj506", 112, 21.44407, 229],
["obj507", 112, 23.2889, 401],
["obj508", 113, 23.40292, 13],
["obj509", 113, 20.76385, 19],
["obj510", 113, 24.46218, 106],
["obj511", 113, 21.11833, 212],
["obj512", 113, 24.70597, 400],
["obj513", 113, 21.99331, 414],
["obj514", 113, 20.92035, 499],
["obj515", 114, 20.17075, 125],
["obj516", 114, 23.47381, 135],
["obj517", 114, 20.93831, 151],
["obj518", 114, 21.97309, 205],
["obj519", 114, 20.20564, 423],
["obj520", 115, 22.7792, 21],
["obj521", 115, 24.66301, 80],
["obj522", 115, 20.26309, 102],
["obj523", 115, 24.31799, 123],
["obj524", 115, 24.86583, 182],
["obj525", 115, 23.06181, 477],
["obj526", 115, 22.26691, 499],
["obj527", 116, 22.84167, 35],
["obj528", 116, 20.88638, 98],
["obj529", 116, 22.25891, 107],
["obj530", 116, 24.74021, 128],
["obj531", 116, 20.26727, 175],
["obj532", 117, 22.01653, 20],
["obj533", 117, 22.78407, 89],
["obj534", 117, 21.09816, 123],
["obj535", 117, 23.31317, 127],
["obj536", 117, 22.92679, 142],
["obj537", 117, 24.02325, 225],
["obj538", 117, 24.33603, 388],
["obj539", 117, 20.63427, 478],
["obj540", 118, 20.7719, 11],
["obj541", 118, 22.54783, 96],
["obj542", 118, 24.1658, 133],
["obj543", 118, 20.85482, 228],
["obj544", 118, 22.45078, 376],
["obj545", 118, 21.29953, 393],
["obj546", 118, 23.07741, 426],
["obj547", 119, 20.14067, 208],
["obj548", 119, 24.04924, 215],
["obj549", 119, 20.53466, 392],
["obj550", 119, 22.53178, 440],
["obj551", 120, 22.98298, 80],
["obj552", 120, 22.29215, 87],
["obj553", 120, 22.90967, 111],
["obj554", 120, 21.50134, 142],
["obj555", 120, 21.11819, 143],
["obj556", 120, 23.91212, 385],
["obj557", 120, 20.61958, 487],
["obj558", 121, 24.65863, 28],
["obj559", 121, 24.63935, 90],
["obj560", 121, 22.03515, 97],
["obj561", 121, 22.03578, 147],
["obj562", 121, 24.07752, 161],
["obj563", 121, 23.97152, 166],
["obj564", 121, 20.42474, 188],
["obj565", 121, 21.00604, 200],
["obj566", 121, 23.71085, 202],
["obj567", 121, 20.73302, 407],
["obj568", 121, 21.08558, 419],
["obj569", 122, 24.40641, 14],
["obj570", 122, 23.38251, 105],
["obj571", 122, 23.0147, 114],
["obj572", 122, 21.60913, 158],
["obj573", 122, 22.18301, 168],
["obj574", 122, 20.87399, 379],
["obj575", 122, 22.06153, 436],
["obj576", 123, 20.35171, 87],
["obj577", 123, 22.93509, 103],
["obj578", 123, 22.0415, 180],
["obj579", 123, 23.34639, 199],
["obj580", 123, 20.54179, 220],
["obj581", 123, 23.41507, 223],
["obj582", 123, 20.33509, 414],
["obj583", 123, 22.40575, 481],
["obj584", 124, 22.54616, 124],
["obj585", 124, 22.10844, 161],
["obj586", 124, 21.78483, 264],
["obj587", 124, 20.77588, 430],
["obj588", 125, 22.0098, 93],
["obj589", 125, 24.09615, 199],
["obj590", 125, 23.05775, 250],
["obj591", 125, 21.29461, 271],
["obj592", 125, 20.0896, 278],
["obj593", 125, 20.73429, 381],
["obj594", 125, 24.83449, 489],
["obj595", 126, 22.94661, 91],
["obj596", 126, 23.73126, 293],
["obj597", 126, 22.81195, 312],
["obj598", 126, 21.32408, 384],
["obj599", 127, 24.82205, 15],
["obj600", 127, 24.84762, 71],
["obj601", 127, 22.7489, 100],
["obj602", 127, 20.95015, 186],
["obj603", 127, 22.57735, 197],
["obj604", 127, 21.19749, 230],
["obj605", 127, 22.21988, 283],
["obj606", 127, 22.82392, 391],
["obj607", 127, 22.25957, 499],
["obj608", 128, 21.0801, 73],
["obj609", 128, 20.61411, 91],
["obj610", 128, 22.47813, 109],
["obj611", 128, 24.89155, 114],
["obj612", 128, 23.81657, 156],
["obj613", 128, 23.79865, 212],
["obj614", 128, 24.75501, 229],
["obj615", 128, 24.21104, 239],
["obj616", 128, 22.71617, 257],
["obj617", 128, 22.34297, 493],
["obj618", 128, 20.21547, 494],
["obj619", 129, 21.56968, 108],
["obj620", 129, 23.40957, 171],
["obj621", 129, 22.31383, 178],
["obj622", 129, 20.11469, 250],
["obj623", 129, 23.704, 261],
["obj624", 129, 23.56537, 275],
["obj625", 129, 22.19615, 278],
["obj626", 129, 21.90258, 307],
["obj627", 129, 23.47067, 320],
["obj628", 129, 24.23388, 420],
["obj629", 129, 22.21197, 496],
["obj630", 130, 24.68772, 114],
["obj631", 130, 22.49916, 131],
["obj632", 130, 21.45157, 168],
["obj633", 130, 21.97962, 218],
["obj634", 130, 23.42689, 414],
["obj635", 130, 24.37469, 426],
["obj636", 130, 20.05953, 480],
["obj637", 131, 24.88545, 23],
["obj638", 131, 23.70008, 130],
["obj639", 131, 23.7171, 260],
["obj640", 131, 22.07648, 277],
["obj641", 131, 20.72233, 496],
["obj642", 132, 20.90262, 21],
["obj643", 132, 22.14551, 27],
["obj644", 132, 20.77267, 111],
["obj645", 132, 23.99779, 127],
["obj646", 132, 20.85762, 137],
["obj647", 132, 20.2751, 188],
["obj648", 132, 22.69597, 199],
["obj649", 132, 20.58674, 282],
["obj650", 132, 23.80138, 290],
["obj651", 132, 22.87135, 305],
["obj652", 132, 20.84558, 324],
["obj653", 132, 21.4747, 422],
["obj654", 133, 21.57562, 112],
["obj655", 133, 20.99897, 260],
["obj656", 133, 24.59563, 279],
["obj657", 133, 21.84735, 314],
["obj658", 133, 23.17757, 401],
["obj659", 133, 21.6799, 435],
["obj660", 134, 23.24012, 19],
["obj661", 134, 21.56758, 89],
["obj662", 134, 22.97902, 91],
["obj663", 134, 24.98975, 154],
["obj664", 134, 20.93055, 168],
["obj665", 134, 24.38726, 247],
["obj666", 134, 22.16642, 273],
["obj667", 134, 24.43735, 408],
["obj668", 134, 24.71599, 418],
["obj669", 134, 20.79268, 488],
["obj670", 134, 23.27418, 493],
["obj671", 135, 23.04947, 23],
["obj672", 135, 23.59777, 70],
["obj673", 135, 21.73807, 133],
["obj674", 135, 23.00478, 182],
["obj675", 135, 24.4334, 244],
["obj676", 135, 20.10991, 249],
["obj677", 135, 20.61541, 398],
["obj678", 136, 24.28228, 107],
["obj679", 136, 21.77476, 205],
["obj680", 136, 24.7143, 241],
["obj681", 136, 20.83348, 428],
["obj682", 136, 23.87691, 438],
["obj683", 137, 21.81819, 135],
["obj684", 137, 23.93491, 178],
["obj685", 137, 20.67426, 246],
["obj686", 137, 23.2057, 335],
["obj687", 137, 22.98232, 399],
["obj688", 137, 24.37981, 408],
["obj689", 137, 22.11782, 479],
["obj690", 138, 20.43298, 19],
["obj691", 138, 22.5427, 77],
["obj692", 138, 24.61938, 170],
["obj693", 138, 21.86501, 173],
["obj694", 138, 22.17378, 229],
["obj695", 138, 24.90252, 230],
["obj696", 138, 20.47008, 238],
["obj697", 138, 20.43738, 307],
["obj698", 138, 22.5931, 326],
["obj699", 138, 24.37126, 412],
["obj700", 139, 23.06245, 105],
["obj701", 139, 21.83059, 191],
["obj702", 139, 22.24591, 193],
["obj703", 139, 21.90383, 333],
["obj704", 139, 22.17263, 344],
["obj705", 140, 23.99767, 72],
["obj706", 140, 20.54056, 184],
["obj707", 140, 22.19398, 203],
["obj708", 140, 23.63702, 495],
["obj709", 141, 24.46825, 23],
["obj710", 141, 20.34497, 84],
["obj711", 141, 21.92929, 152],
["obj712", 141, 22.94042, 194],
["obj713", 141, 23.32636, 203],
["obj714", 141, 23.99416, 327],
["obj715", 142, 22.63815, 28],
["obj716", 142, 21.73661, 81],
["obj717", 142, 24.83261, 85],
["obj718", 142, 21.69291, 165],
["obj719", 142, 21.6366, 231],
["obj720", 142, 22.15686, 275],
["obj721", 142, 20.78272, 439],
["obj722", 143, 22.89145, 76],
["obj723", 143, 21.22186, 85],
["obj724", 143, 24.87176, 262],
["obj725", 143, 23.40463, 276],
["obj726", 143, 21.57211, 333],
["obj727", 143, 23.36619, 334],
["obj728", 143, 24.13019, 414],
["obj729", 143, 22.53508, 487],
["obj730", 143, 23.05322, 490],
["obj731", 143, 22.5157, 496],
["obj732", 144, 21.61882, 15],
["obj733", 144, 20.04006, 76],
["obj734", 144, 23.96333, 124],
["obj735", 144, 24.69155, 212],
["obj736", 144, 20.2889, 258],
["obj737", 144, 21.52745, 285],
["obj738", 144, 20.9177, 336],
["obj739", 144, 24.93921, 418],
["obj740", 144, 23.19857, 430],
["obj741", 144, 24.91669, 431],
["obj742", 144, 23.90862, 437],
["obj743", 144, 24.13514, 479],
["obj744", 144, 23.17975, 480],
["obj745", 145, 21.41298, 86],
["obj746", 145, 24.05418, 135],
["obj747", 145, 21.06193, 234],
["obj748", 145, 24.68375, 309],
["obj749", 145, 21.0398, 435],
["obj750", 146, 24.97539, 143],
["obj751", 146, 23.79569, 153],
["obj752", 146, 20.04713, 168],
["obj753", 146, 20.6369, 172],
["obj754", 146, 24.58473, 190],
["obj755", 146, 20.83369, 192],
["obj756", 146, 22.75274, 199],
["obj757", 146, 23.62502, 257],
["obj758", 146, 21.07803, 300],
["obj759", 146, 24.43157, 402],
["obj760", 146, 21.84543, 410],
["obj761", 146, 21.71836, 436],
["obj762", 146, 24.84514, 441],
["obj763", 147, 20.18068, 145],
["obj764", 147, 23.15323, 309],
["obj765", 147, 20.27638, 407],
["obj766", 147, 23.97407, 481],
["obj767", 148, 21.9576, 127],
["obj768", 148, 20.45296, 209],
["obj769", 148, 22.48571, 248],
["obj770", 148, 24.46945, 296],
["obj771", 148, 23.4712, 300],
["obj772", 148, 24.47232, 314],
["obj773", 148, 21.16773, 491],
["obj774", 149, 24.51544, 78],
["obj775", 149, 24.555, 107],
["obj776", 149, 22.57299, 113],
["obj777", 149, 23.4256, 151],
["obj778", 149, 22.82141, 209],
["obj779", 149, 21.55394, 292],
["obj780", 149, 23.21487, 330],
["obj781", 149, 24.72545, 491],
["obj782", 150, 21.56514, 71],
["obj783", 150, 21.23209, 101],
["obj784", 150, 24.86433, 161],
["obj785", 150, 24.36705, 195],
["obj786", 150, 23.65455, 261],
["obj787", 150, 22.62783, 333],
["obj788", 150, 21.67172, 338],
["obj789", 150, 20.21388, 343],
["obj790", 150, 22.69747, 354],
["obj791", 150, 24.21285, 411],
["obj792", 150, 22.29576, 494],
["obj793", 151, 24.13325, 12],
["obj794", 151, 24.65078, 88],
["obj795", 151, 23.39396, 121],
["obj796", 151, 20.96104, 208],
["obj797", 151, 24.59151, 315],
["obj798", 151, 24.43861, 423],
["obj799", 152, 20.55129, 98],
["obj800", 152, 20.55794, 107],
["obj801", 152, 20.33465, 114],
["obj802", 152, 22.10249, 122],
["obj803", 152, 21.71766, 142],
["obj804", 152, 20.29066, 145],
["obj805", 152, 24.90817, 177],
["obj806", 152, 22.45588, 196],
["obj807", 152, 22.29823, 245],
["obj808", 152, 20.58644, 273],
["obj809", 152, 21.71412, 304],
["obj810", 152, 24.12813, 483],
["obj811", 152, 22.0887, 496],
["obj812", 153, 23.44638, 179],
["obj813", 153, 24.39403, 354],
["obj814", 153, 22.00368, 401],
["obj815", 154, 21.51885, 98],
["obj816", 154, 22.08418, 258],
["obj817", 154, 21.98104, 265],
["obj818", 154, 23.34914, 285],
["obj819", 154, 20.71528, 289],
["obj820", 154, 20.83182, 418],
["obj821", 154, 22.27649, 486],
["obj822", 154, 23.4725, 495],
["obj823", 155, 24.15399, 21],
["obj824", 155, 23.00477, 157],
["obj825", 155, 21.9718, 308],
["obj826", 156, 23.52217, 13],
["obj827", 156, 23.01111, 16],
["obj828", 156, 24.13503, 71],
["obj829", 156, 24.881, 169],
["obj830", 156, 20.54213, 339],
["obj831", 156, 22.1973, 347],
["obj832", 156, 22.27643, 428],
["obj833", 157, 21.45461, 29],
["obj834", 157, 23.93771, 106],
["obj835", 157, 20.50112, 146],
["obj836", 157, 20.10279, 151],
["obj837", 157, 20.01797, 279],
["obj838", 157, 20.04407, 342],
["obj839", 157, 23.58792, 403],
["obj840", 157, 23.73199, 479],
["obj841", 158, 23.9052, 70],
["obj842", 158, 24.75327, 72],
["obj843", 158, 23.72387, 98],
["obj844", 158, 24.8533, 114],
["obj845", 158, 22.79708, 313],
["obj846", 158, 21.10752, 354],
["obj847", 159, 24.43234, 28],
["obj848", 159, 22.63128, 286],
["obj849", 159, 21.63922, 302],
["obj850", 159, 21.70543, 317],
["obj851", 160, 20.93776, 19],
["obj852", 160, 20.95522, 335],
["obj853", 161, 21.29127, 11],
["obj854", 161, 23.18692, 16],
["obj855", 161, 24.59662, 71],
["obj856", 161, 20.75991, 75],
["obj857", 161, 20.59513, 93],
["obj858", 161, 21.11729, 443],
["obj859", 162, 22.6341, 96],
["obj860", 162, 23.39431, 299],
["obj861", 162, 23.36893, 342],
["obj862", 162, 20.44785, 441],
["obj863", 162, 21.86478, 478],
["obj864", 162, 22.71399, 479],
["obj865", 162, 23.70963, 492],
["obj866", 163, 24.52196, 18],
["obj867", 163, 24.60057, 89],
["obj868", 163, 20.89151, 297],
["obj869", 163, 21.64514, 416],
["obj870", 163, 23.28407, 479],
["obj871", 163, 24.29619, 490],
["obj872", 164, 21.93955, 25],
["obj873", 164, 23.95654, 94],
["obj874", 164, 24.56387, 110],
["obj875", 164, 23.7801, 332],
["obj876", 164, 22.05177, 431],
["obj877", 165, 22.25944, 347],
["obj878", 165, 20.38633, 491],
["obj879", 165, 20.16393, 499],
["obj880", 166, 23.8075, 79],
["obj881", 166, 23.56071, 84],
["obj882", 166, 23.77157, 96],
["obj883", 166, 24.64447, 285],
["obj884", 166, 22.47153, 296],
["obj885", 166, 22.59645, 351],
["obj886", 166, 24.54762, 410],
["obj887", 166, 20.45773, 434],
["obj888", 167, 20.11624, 106],
["obj889", 167, 21.10636, 441],
["obj890", 167, 24.44996, 483],
["obj891", 168, 21.21047, 16],
["obj892", 168, 22.13004, 75],
["obj893", 168, 22.69645, 445],
["obj894", 170, 24.16377, 299],
["obj895", 170, 20.17671, 302],
["obj896", 170, 20.11313, 417],
["obj897", 171, 21.71017, 24],
["obj898", 171, 21.97898, 84],
["obj899", 171, 21.7464, 92],
["obj900", 171, 22.14117, 484],
["obj901", 171, 23.07613, 491],
["obj902", 172, 21.40092, 12],
["obj903", 172, 22.03572, 333],
["obj904", 172, 22.16417, 443],
["obj905", 172, 21.90206, 493],
["obj906", 172, 22.49009, 495],
["obj907", 173, 20.64963, 74],
["obj908", 173, 22.01403, 98],
["obj909", 173, 21.61959, 309],
["obj910", 173, 23.48323, 424],
["obj911", 173, 23.94556, 435],
["obj912", 174, 22.97977, 91],
["obj913", 174, 22.91193, 410],
["obj914", 174, 22.53185, 414],
["obj915", 175, 24.65843, 302],
["obj916", 175, 21.48485, 348],
["obj917", 175, 21.14343, 350],
["obj918", 175, 24.27637, 412],
["obj919", 176, 23.65733, 24],
["obj920", 176, 20.68316, 301],
["obj921", 176, 21.86456, 305],
["obj922", 176, 21.27395, 414],
["obj923", 177, 21.02919, 23],
["obj924", 177, 24.89114, 91],
["obj925", 177, 24.62848, 93],
["obj926", 177, 24.42166, 340],
["obj927", 177, 24.26255, 368],
["obj928", 177, 24.92392, 413],
["obj929", 177, 24.31449, 415],
["obj930", 177, 24.79901, 437],
["obj931", 177, 24.93726, 499],
["obj932", 178, 20.56227, 348],
["obj933", 178, 20.45075, 417],
["obj934", 178, 21.04344, 435],
["obj935", 179, 20.51438, 306],
["obj936", 179, 21.67704, 335],
["obj937", 179, 23.3462, 434],
["obj938", 180, 21.2634, 21],
["obj939", 180, 24.40995, 28],
["obj940", 180, 21.48408, 73],
["obj941", 180, 21.09855, 338],
["obj942", 180, 20.08423, 345],
["obj943", 180, 20.05296, 409],
["obj944", 181, 21.754, 80],
["obj945", 181, 23.30752, 81],
["obj946", 182, 21.85243, 90],
["obj947", 182, 21.87984, 407],
["obj948", 182, 21.54068, 487],
["obj949", 183, 24.94087, 324],
["obj950", 183, 23.6975, 478],
["obj951", 184, 22.13884, 70],
["obj952", 184, 21.31067, 71],
["obj953", 184, 20.79687, 363],
["obj954", 184, 21.96153, 369],
["obj955", 186, 21.44226, 76],
["obj956", 186, 24.2304, 362],
["obj957", 186, 20.63864, 424],
["obj958", 187, 23.78992, 365],
["obj959", 187, 22.92879, 407],
["obj960", 187, 23.78681, 436],
["obj961", 188, 24.84187, 67],
["obj962", 188, 24.79543, 72],
["obj963", 188, 21.06992, 313],
["obj964", 188, 24.33832, 329],
["obj965", 188, 24.48148, 350],
["obj966", 188, 24.78974, 357],
["obj967", 188, 22.57479, 479],
["obj968", 189, 20.49489, 24],
["obj969", 189, 23.82896, 351],
["obj970", 189, 23.40585, 360],
["obj971", 189, 24.11471, 430],
["obj972", 190, 21.74575, 71],
["obj973", 190, 22.58486, 75],
["obj974", 190, 21.2832, 80],
["obj975", 190, 20.72775, 413],
["obj976", 190, 21.04138, 429],
["obj977", 191, 22.23557, 186],
["obj978", 191, 22.7251, 211],
["obj979", 191, 22.04881, 359],
["obj980", 191, 22.3076, 445],
["obj981", 191, 22.50715, 484],
["obj982", 192, 23.04604, 340],
["obj983", 192, 22.91525, 353],
["obj984", 192, 24.58432, 426],
["obj985", 192, 23.17047, 436],
["obj986", 193, 22.96153, 76],
["obj987", 193, 20.32448, 180],
["obj988", 193, 22.66804, 241],
["obj989", 193, 20.63515, 244],
["obj990", 193, 21.68833, 444],
["obj991", 193, 23.96669, 496],
["obj992", 194, 24.70216, 131],
["obj993", 194, 23.87589, 188],
["obj994", 194, 22.47255, 255],
["obj995", 194, 22.65238, 332],
["obj996", 195, 23.68406, 78],
["obj997", 195, 23.08308, 87],
["obj998", 195, 21.89601, 167],
["obj999", 195, 20.85851, 221],
["obj1000", 195, 24.39763, 243],
["obj1001", 195, 22.51653, 348],
["obj1002", 196, 23.35171, 70],
["obj1003", 196, 23.03232, 232],
["obj1004", 196, 20.39018, 417],
["obj1005", 196, 21.65903, 444],
["obj1006", 196, 20.57023, 489],
["obj1007", 197, 23.07978, 70],
["obj1008", 197, 22.1301, 75],
["obj1009", 197, 20.91211, 159],
["obj1010", 197, 21.18874, 190],
["obj1011", 197, 22.28959, 194],
["obj1012", 197, 22.1853, 338],
["obj1013", 197, 23.57153, 345],
["obj1014", 197, 22.03196, 367],
["obj1015", 197, 21.39136, 486],
["obj1016", 197, 20.38621, 496],
["obj1017", 198, 20.44945, 85],
["obj1018", 198, 22.74663, 142],
["obj1019", 198, 24.68055, 153],
["obj1020", 198, 23.83001, 363],
["obj1021", 198, 22.1441, 435],
["obj1022", 198, 24.2508, 483],
["obj1023", 199, 22.53761, 84],
["obj1024", 199, 24.29755, 207],
["obj1025", 199, 23.14442, 429],
["obj1026", 200, 20.83044, 24],
["obj1027", 200, 24.43452, 214],
["obj1028", 200, 20.21993, 228],
["obj1029", 200, 21.49493, 419],
["obj1030", 200, 21.73715, 486],
["obj1031", 201, 23.84708, 85],
["obj1032", 201, 22.19742, 87],
["obj1033", 201, 21.12185, 140],
["obj1034", 201, 21.8505, 204],
["obj1035", 202, 20.02404, 12],
["obj1036", 202, 24.47221, 143],
["obj1037", 202, 20.61989, 163],
["obj1038", 202, 20.96645, 210],
["obj1039", 202, 24.82198, 221],
["obj1040", 202, 20.35977, 227],
["obj1041", 202, 23.93255, 262],
["obj1042", 202, 22.6586, 266],
["obj1043", 202, 23.36796, 352],
["obj1044", 202, 21.23988, 361],
["obj1045", 202, 23.68369, 413],
["obj1046", 202, 24.92205, 421],
["obj1047", 202, 23.27241, 428],
["obj1048", 203, 23.31918, 70],
["obj1049", 204, 20.09068, 478],
["obj1050", 205, 23.73433, 14],
["obj1051", 205, 23.53131, 76],
["obj1052", 205, 23.13124, 86],
["obj1053", 205, 21.3109, 196],
["obj1054", 205, 23.01579, 331],
["obj1055", 205, 23.5, 366],
["obj1056", 205, 22.29489, 427],
["obj1057", 205, 22.61789, 440],
["obj1058", 206, 20.43178, 139],
["obj1059", 206, 23.44011, 441],
["obj1060", 206, 21.89373, 488],
["obj1061", 207, 20.36072, 350],
["obj1062", 208, 22.29019, 132],
["obj1063", 208, 24.47186, 343],
["obj1064", 208, 22.22572, 416],
["obj1065", 209, 23.98386, 360],
["obj1066", 209, 24.70476, 413],
["obj1067", 209, 23.0594, 430],
["obj1068", 210, 23.60671, 86],
["obj1069", 210, 22.53142, 151],
["obj1070", 210, 22.74241, 172],
["obj1071", 211, 24.39466, 141],
["obj1072", 211, 24.09031, 158],
["obj1073", 212, 21.7499, 12],
["obj1074", 212, 23.16515, 20],
["obj1075", 212, 24.54562, 146],
["obj1076", 212, 23.53209, 158],
["obj1077", 212, 23.47042, 349],
["obj1078", 213, 20.49375, 79],
["obj1079", 213, 20.46747, 423],
["obj1080", 213, 22.48362, 496],
["obj1081", 214, 22.75835, 26],
["obj1082", 214, 24.07566, 138],
["obj1083", 214, 20.01069, 342],
["obj1084", 214, 23.84528, 346],
["obj1085", 214, 23.62482, 355],
["obj1086", 214, 24.49617, 428],
["obj1087", 214, 22.1378, 485],
["obj1088", 214, 24.08331, 490],
["obj1089", 215, 23.94781, 13],
["obj1090", 215, 22.67812, 21],
["obj1091", 215, 21.63404, 22],
["obj1092", 215, 20.23033, 489],
["obj1093", 216, 20.13162, 73],
["obj1094", 216, 21.93299, 362],
["obj1095", 217, 24.91163, 16],
["obj1096", 217, 24.68059, 78],
["obj1097", 217, 22.18691, 132],
["obj1098", 217, 24.92544, 133],
["obj1099", 217, 21.10282, 276],
["obj1100", 217, 21.39644, 278],
["obj1101", 218, 22.50195, 169],
["obj1102", 218, 21.24287, 277],
["obj1103", 218, 20.7501, 345],
["obj1104", 219, 23.88631, 74],
["obj1105", 219, 20.33493, 81],
["obj1106", 219, 21.26806, 139],
["obj1107", 219, 20.81632, 360],
["obj1108", 219, 22.35128, 432],
["obj1109", 219, 24.42629, 490],
["obj1110", 220, 23.9339, 25],
["obj1111", 220, 20.25729, 292],
["obj1112", 220, 21.56268, 423],
["obj1113", 220, 23.5195, 437],
["obj1114", 220, 20.20304, 440],
["obj1115", 221, 22.78193, 352],
["obj1116", 221, 22.86879, 377],
["obj1117", 221, 20.99257, 419],
["obj1118", 221, 24.77825, 442],
["obj1119", 222, 24.15335, 26],
["obj1120", 222, 21.12248, 62],
["obj1121", 222, 24.27256, 65],
["obj1122", 222, 22.21015, 283],
["obj1123", 222, 20.71619, 287],
["obj1124", 222, 23.87629, 293],
["obj1125", 222, 22.47648, 418],
["obj1126", 222, 22.15877, 482],
["obj1127", 223, 20.92203, 70],
["obj1128", 223, 22.25536, 436],
["obj1129", 224, 24.60863, 73],
["obj1130", 224, 22.84555, 124],
["obj1131", 224, 23.16292, 414],
["obj1132", 224, 22.11969, 498],
["obj1133", 225, 24.60046, 28],
["obj1134", 225, 23.28714, 141],
["obj1135", 225, 23.9352, 165],
["obj1136", 225, 21.14757, 482],
["obj1137", 226, 22.53385, 419],
["obj1138", 226, 24.14049, 423],
["obj1139", 226, 21.03263, 431],
["obj1140", 227, 21.64332, 14],
["obj1141", 227, 22.87404, 76],
["obj1142", 227, 20.35447, 424],
["obj1143", 227, 20.98428, 492],
["obj1144", 228, 22.5163, 21],
["obj1145", 228, 23.30618, 128],
["obj1146", 228, 20.07228, 154],
["obj1147", 229, 21.20981, 80],
["obj1148", 229, 22.64644, 129],
["obj1149", 229, 24.71723, 377],
["obj1150", 229, 22.63808, 431],
["obj1151", 230, 20.33862, 14],
["obj1152", 230, 21.02732, 143],
["obj1153", 230, 21.96962, 147],
["obj1154", 230, 22.96475, 340],
["obj1155", 231, 24.57475, 294],
["obj1156", 231, 21.98519, 360],
["obj1157", 231, 22.25928, 493],
["obj1158", 232, 22.2637, 25],
["obj1159", 232, 20.20462, 350],
["obj1160", 233, 20.1242, 357],
["obj1161", 234, 24.32866, 63],
["obj1162", 234, 21.24376, 293],
["obj1163", 234, 23.35659, 359],
["obj1164", 234, 20.71461, 376],
["obj1165", 235, 22.43684, 370],
["obj1166", 236, 20.93392, 78],
["obj1167", 236, 21.42248, 130],
["obj1168", 236, 22.5443, 136],
["obj1169", 236, 23.61489, 362],
["obj1170", 237, 20.91055, 143],
["obj1171", 237, 21.96841, 288],
["obj1172", 238, 23.94474, 72],
["obj1173", 238, 22.50997, 134],
["obj1174", 238, 21.36035, 346],
["obj1175", 238, 23.43974, 370],
["obj1176", 238, 22.62663, 444],
["obj1177", 239, 22.29292, 22],
["obj1178", 239, 21.96165, 350],
["obj1179", 239, 23.12761, 365],
["obj1180", 239, 22.606, 419],
["obj1181", 239, 22.23366, 493],
["obj1182", 240, 23.64402, 67],
["obj1183", 240, 24.36245, 123],
["obj1184", 241, 24.21921, 291],
["obj1185", 241, 20.68383, 301],
["obj1186", 241, 23.9941, 303],
["obj1187", 241, 21.66548, 429],
["obj1188", 241, 21.54965, 433],
["obj1189", 241, 20.37269, 444],
["obj1190", 242, 24.69198, 131],
["obj1191", 242, 22.92754, 140],
["obj1192", 242, 20.35655, 366],
["obj1193", 242, 24.90426, 368],
["obj1194", 243, 22.31189, 201],
["obj1195", 243, 21.86374, 494],
["obj1196", 245, 20.31665, 84],
["obj1197", 245, 21.23953, 356],
["obj1198", 246, 24.67714, 214],
["obj1199", 246, 23.81121, 426],
["obj1200", 246, 20.76221, 488],
["obj1201", 247, 24.84136, 360],
["obj1202", 247, 21.89648, 373],
["obj1203", 247, 24.92014, 433],
["obj1204", 248, 24.06781, 361],
["obj1205", 249, 21.65629, 20],
["obj1206", 249, 22.8772, 64],
["obj1207", 249, 23.63615, 199],
["obj1208", 249, 21.21316, 300],
["obj1209", 250, 23.39771, 86],
["obj1210", 250, 22.88187, 193],
["obj1211", 250, 23.26475, 295],
["obj1212", 250, 21.21741, 348],
["obj1213", 250, 22.49059, 494],
["obj1214", 251, 20.62069, 79],
["obj1215", 251, 21.22948, 146],
["obj1216", 251, 22.78601, 499],
["obj1217", 252, 23.71448, 142],
["obj1218", 252, 20.77956, 206],
["obj1219", 252, 20.34254, 208],
["obj1220", 252, 22.56989, 294],
["obj1221", 252, 23.47955, 308],
["obj1222", 252, 21.74513, 376],
["obj1223", 252, 22.59147, 435],
["obj1224", 253, 21.59779, 11],
["obj1225", 253, 21.73049, 69],
["obj1226", 253, 22.21521, 292],
["obj1227", 253, 24.82379, 347],
["obj1228", 253, 20.61855, 431],
["obj1229", 253, 20.46492, 441],
["obj1230", 254, 23.25743, 207],
["obj1231", 254, 24.66179, 443],
["obj1232", 255, 22.41646, 430],
["obj1233", 255, 22.0578, 433],
["obj1234", 255, 20.29793, 479],
["obj1235", 256, 23.13854, 190],
["obj1236", 257, 22.59156, 133],
["obj1237", 257, 20.21502, 139],
["obj1238", 257, 21.3681, 362],
["obj1239", 258, 20.63337, 128],
["obj1240", 258, 21.06055, 195],
["obj1241", 258, 21.5633, 345],
["obj1242", 258, 22.25741, 352],
["obj1243", 258, 22.83771, 497],
["obj1244", 259, 24.49717, 16],
["obj1245", 259, 24.59516, 79],
["obj1246", 259, 24.66399, 299],
["obj1247", 259, 20.11592, 430],
["obj1248", 260, 22.41748, 24],
["obj1249", 260, 21.43571, 68],
["obj1250", 260, 23.51579, 70],
["obj1251", 260, 20.16968, 79],
["obj1252", 260, 22.14907, 80],
["obj1253", 260, 22.10904, 84],
["obj1254", 260, 23.8617, 85],
["obj1255", 260, 20.23972, 302],
["obj1256", 260, 24.71893, 495],
["obj1257", 261, 22.05933, 19],
["obj1258", 261, 23.51974, 208],
["obj1259", 261, 24.07347, 294],
["obj1260", 262, 23.17935, 190],
["obj1261", 262, 22.253, 369],
["obj1262", 262, 23.71824, 373],
["obj1263", 263, 24.43916, 207],
["obj1264", 263, 22.62443, 442],
["obj1265", 264, 22.80691, 345],
["obj1266", 264, 21.76705, 494],
["obj1267", 265, 20.07052, 60],
["obj1268", 265, 24.01488, 146],
["obj1269", 265, 20.88033, 209],
["obj1270", 265, 21.28486, 497],
["obj1271", 266, 24.97206, 13],
["obj1272", 266, 21.97383, 22],
["obj1273", 266, 22.83871, 70],
["obj1274", 267, 23.30791, 58],
["obj1275", 267, 22.80054, 424],
["obj1276", 268, 23.99268, 20],
["obj1277", 268, 22.92752, 81],
["obj1278", 268, 21.09014, 143],
["obj1279", 268, 22.12869, 193],
["obj1280", 268, 24.10415, 353],
["obj1281", 268, 23.87689, 479],
["obj1282", 269, 22.30518, 347],
["obj1283", 269, 20.1757, 484],
["obj1284", 270, 24.4434, 84],
["obj1285", 270, 22.73989, 209],
["obj1286", 270, 20.88062, 217],
["obj1287", 271, 24.12683, 75],
["obj1288", 271, 21.35783, 141],
["obj1289", 271, 21.76426, 204],
["obj1290", 272, 24.92644, 58],
["obj1291", 272, 22.43257, 142],
["obj1292", 272, 21.47968, 210],
["obj1293", 272, 20.65615, 295],
["obj1294", 272, 24.07458, 363],
["obj1295", 272, 22.8047, 369],
["obj1296", 272, 21.4848, 433],
["obj1297", 273, 23.35732, 64],
["obj1298", 273, 21.69897, 213],
["obj1299", 273, 24.63576, 437],
["obj1300", 274, 20.02266, 193],
["obj1301", 274, 23.03098, 364],
["obj1302", 274, 21.23552, 488],
["obj1303", 275, 21.9688, 24],
["obj1304", 275, 23.85345, 83],
["obj1305", 275, 22.79446, 210],
["obj1306", 275, 23.6617, 286],
["obj1307", 275, 20.26253, 293],
["obj1308", 275, 23.91517, 343],
["obj1309", 275, 24.93455, 365],
["obj1310", 275, 21.46747, 479],
["obj1311", 276, 23.43889, 134],
["obj1312", 276, 22.60211, 479],
["obj1313", 277, 21.85457, 496],
["obj1314", 278, 24.4256, 73],
["obj1315", 278, 22.94739, 194],
["obj1316", 278, 22.93899, 491],
["obj1317", 279, 21.31405, 197],
["obj1318", 279, 21.08988, 198],
["obj1319", 279, 22.25267, 207],
["obj1320", 279, 22.81092, 431],
["obj1321", 280, 24.10509, 65],
["obj1322", 280, 24.90061, 123],
["obj1323", 281, 22.80291, 70],
["obj1324", 281, 20.59402, 73],
["obj1325", 281, 22.60247, 135],
["obj1326", 281, 20.95421, 138],
["obj1327", 281, 21.1283, 280],
["obj1328", 281, 21.92375, 347],
["obj1329", 282, 20.89332, 18],
["obj1330", 282, 22.05711, 20],
["obj1331", 282, 23.65218, 71],
["obj1332", 282, 22.33585, 125],
["obj1333", 282, 24.77575, 201],
["obj1334", 282, 22.13311, 205],
["obj1335", 282, 24.62189, 416],
["obj1336", 283, 24.01783, 149],
["obj1337", 283, 24.09944, 342],
["obj1338", 283, 20.59093, 358],
["obj1339", 284, 21.35063, 222],
["obj1340", 284, 24.48973, 273],
["obj1341", 284, 21.95464, 366],
["obj1342", 284, 23.76533, 374],
["obj1343", 285, 24.47762, 125],
["obj1344", 285, 20.62266, 209],
["obj1345", 285, 23.60851, 278],
["obj1346", 285, 23.29181, 356],
["obj1347", 285, 21.32928, 416],
["obj1348", 286, 21.08755, 18],
["obj1349", 286, 24.6662, 123],
["obj1350", 286, 20.24871, 215],
["obj1351", 286, 20.47064, 233],
["obj1352", 286, 20.69854, 275],
["obj1353", 287, 20.81864, 78],
["obj1354", 287, 22.58039, 142],
["obj1355", 287, 23.81556, 150],
["obj1356", 287, 22.29698, 344],
["obj1357", 287, 24.45407, 362],
["obj1358", 287, 24.23876, 374],
["obj1359", 287, 21.76204, 427],
["obj1360", 288, 22.47164, 71],
["obj1361", 288, 21.25053, 224],
["obj1362", 289, 20.40685, 149],
["obj1363", 289, 23.32336, 219],
["obj1364", 289, 22.75118, 246],
["obj1365", 289, 24.09577, 255],
["obj1366", 289, 23.09431, 352],
["obj1367", 289, 22.42684, 433],
["obj1368", 289, 21.93853, 496],
["obj1369", 290, 22.24484, 23],
["obj1370", 290, 20.07597, 69],
["obj1371", 290, 24.32668, 243],
["obj1372", 290, 24.08283, 252],
["obj1373", 290, 22.74515, 434],
["obj1374", 291, 23.49454, 13],
["obj1375", 291, 25.03477, 24],
["obj1376", 291, 23.91085, 60],
["obj1377", 291, 24.45505, 61],
["obj1378", 291, 20.92294, 78],
["obj1379", 291, 24.89268, 80],
["obj1380", 291, 22.81574, 236],
["obj1381", 291, 22.43557, 331],
["obj1382", 291, 22.12993, 366],
["obj1383", 292, 20.75647, 77],
["obj1384", 292, 23.69432, 88],
["obj1385", 292, 24.66793, 245],
["obj1386", 292, 24.30125, 331],
["obj1387", 292, 22.01395, 361],
["obj1388", 292, 21.75171, 372],
["obj1389", 292, 24.55755, 442],
["obj1390", 292, 23.69152, 488],
["obj1391", 293, 23.81756, 485],
["obj1392", 294, 22.16803, 213],
["obj1393", 294, 24.51834, 214],
["obj1394", 294, 22.14589, 238],
["obj1395", 294, 24.54197, 340],
["obj1396", 294, 22.06745, 479],
["obj1397", 295, 20.35047, 429],
["obj1398", 296, 23.3045, 362],
["obj1399", 296, 22.72575, 425],
["obj1400", 296, 22.02256, 482],
["obj1401", 297, 20.90172, 429],
["obj1402", 297, 22.62988, 430],
["obj1403", 297, 21.60043, 434],
["obj1404", 298, 23.68719, 494],
["obj1405", 300, 24.96749, 15],
["obj1406", 300, 22.66615, 77],
["obj1407", 300, 20.61335, 340],
["obj1408", 300, 23.13499, 362],
["obj1409", 301, 20.6532, 64],
["obj1410", 301, 21.83887, 158],
["obj1411", 302, 23.30572, 337],
["obj1412", 303, 24.03821, 371],
["obj1413", 304, 24.01441, 126],
["obj1414", 304, 23.05518, 138],
["obj1415", 304, 22.25387, 155],
["obj1416", 304, 21.75245, 323],
["obj1417", 304, 21.26031, 482],
["obj1418", 305, 23.29144, 22],
["obj1419", 305, 22.4836, 148],
["obj1420", 305, 24.78936, 150],
["obj1421", 305, 21.76767, 319],
["obj1422", 305, 21.56753, 327],
["obj1423", 305, 21.05339, 335],
["obj1424", 305, 23.25009, 353],
["obj1425", 305, 20.82658, 426],
["obj1426", 305, 22.95762, 437],
["obj1427", 305, 22.86919, 492],
["obj1428", 306, 23.97342, 147],
["obj1429", 306, 22.08412, 160],
["obj1430", 307, 21.448, 23],
["obj1431", 307, 21.87036, 134],
["obj1432", 307, 22.33493, 146],
["obj1433", 307, 20.66354, 358],
["obj1434", 307, 23.34588, 424],
["obj1435", 308, 22.14962, 85],
["obj1436", 308, 23.00667, 422],
["obj1437", 308, 23.99505, 490],
["obj1438", 309, 24.2951, 12],
["obj1439", 309, 22.75604, 480],
["obj1440", 310, 21.8938, 70],
["obj1441", 310, 22.04688, 140],
["obj1442", 310, 20.32014, 159],
["obj1443", 310, 21.91284, 325],
["obj1444", 310, 24.97951, 339],
["obj1445", 310, 21.98753, 350],
["obj1446", 310, 22.53902, 365],
["obj1447", 311, 21.38599, 16],
["obj1448", 311, 23.39513, 58],
["obj1449", 311, 23.35678, 425],
["obj1450", 312, 24.31529, 23],
["obj1451", 312, 23.43488, 68],
["obj1452", 312, 21.30777, 136],
["obj1453", 312, 23.76793, 171],
["obj1454", 312, 20.80459, 321],
["obj1455", 312, 21.20256, 346],
["obj1456", 312, 21.78514, 436],
["obj1457", 313, 20.76046, 78],
["obj1458", 313, 22.35464, 148],
["obj1459", 313, 20.37446, 152],
["obj1460", 313, 23.97131, 348],
["obj1461", 313, 20.07023, 349],
["obj1462", 314, 21.30577, 78],
["obj1463", 314, 24.19919, 306],
["obj1464", 314, 23.85273, 346],
["obj1465", 314, 24.27471, 368],
["obj1466", 314, 21.98435, 489],
["obj1467", 315, 24.0327, 59],
["obj1468", 315, 24.2999, 147],
["obj1469", 315, 23.27579, 343],
["obj1470", 315, 23.74351, 347],
["obj1471", 316, 23.55262, 77],
["obj1472", 316, 20.78995, 91],
["obj1473", 316, 22.35511, 164],
["obj1474", 316, 20.59674, 299],
["obj1475", 316, 24.55445, 476],
["obj1476", 317, 23.94856, 59],
["obj1477", 317, 21.39831, 157],
["obj1478", 317, 24.53766, 316],
["obj1479", 317, 23.35993, 358],
["obj1480", 317, 24.47814, 428],
["obj1481", 317, 23.9876, 475],
["obj1482", 318, 23.92494, 15],
["obj1483", 318, 21.02151, 331],
["obj1484", 318, 21.97522, 369],
["obj1485", 318, 21.08027, 481],
["obj1486", 318, 23.07747, 487],
["obj1487", 319, 23.84214, 25],
["obj1488", 319, 23.42166, 170],
["obj1489", 319, 23.05881, 416],
["obj1490", 320, 20.80765, 75],
["obj1491", 320, 20.23028, 91],
["obj1492", 320, 20.42456, 170],
["obj1493", 320, 23.03015, 360],
["obj1494", 320, 22.33452, 426],
["obj1495", 320, 24.8028, 431],
["obj1496", 320, 20.16071, 438],
["obj1497", 321, 22.07387, 15],
["obj1498", 321, 22.68, 147],
["obj1499", 321, 23.84936, 173],
["obj1500", 321, 23.61685, 295],
["obj1501", 322, 24.95286, 151],
["obj1502", 322, 22.37381, 413],
["obj1503", 322, 21.47414, 419],
["obj1504", 323, 24.43826, 58],
["obj1505", 323, 24.27894, 182],
["obj1506", 323, 24.90468, 288],
["obj1507", 323, 24.81055, 302],
["obj1508", 323, 24.63976, 314],
["obj1509", 323, 21.26882, 494],
["obj1510", 324, 21.62942, 21],
["obj1511", 324, 23.0061, 280],
["obj1512", 324, 22.93125, 354],
["obj1513", 325, 21.27455, 59],
["obj1514", 325, 20.88507, 94],
["obj1515", 325, 22.46252, 176],
["obj1516", 325, 21.88063, 184],
["obj1517", 325, 24.7002, 304],
["obj1518", 325, 24.61362, 335],
["obj1519", 325, 21.27351, 410],
["obj1520", 325, 23.59054, 421],
["obj1521", 325, 23.02039, 475],
["obj1522", 325, 22.5333, 481],
["obj1523", 325, 22.25711, 484],
["obj1524", 326, 24.24134, 63],
["obj1525", 326, 23.73828, 85],
["obj1526", 326, 24.08914, 166],
["obj1527", 326, 23.99318, 171],
["obj1528", 326, 20.38389, 284],
["obj1529", 326, 21.44112, 318],
["obj1530", 326, 23.23862, 333],
["obj1531", 326, 21.32441, 340],
["obj1532", 326, 22.51571, 407],
["obj1533", 326, 24.8423, 414],
["obj1534", 326, 23.86769, 432],
["obj1535", 327, 23.72998, 66],
["obj1536", 327, 20.55327, 95],
["obj1537", 327, 20.34308, 216],
["obj1538", 327, 20.97181, 246],
["obj1539", 327, 21.01205, 297],
["obj1540", 327, 20.58402, 417],
["obj1541", 327, 23.49069, 474],
["obj1542", 327, 20.96263, 483],
["obj1543", 327, 22.11346, 490],
["obj1544", 328, 24.08989, 73],
["obj1545", 328, 20.69445, 143],
["obj1546", 328, 22.96886, 164],
["obj1547", 328, 20.63093, 253],
["obj1548", 329, 24.49066, 185],
["obj1549", 329, 21.64823, 186],
["obj1550", 329, 23.90645, 188],
["obj1551", 329, 22.70368, 190],
["obj1552", 329, 24.41498, 223],
["obj1553", 329, 24.10963, 248],
["obj1554", 329, 24.97368, 309],
["obj1555", 329, 20.37178, 314],
["obj1556", 329, 21.61628, 316],
["obj1557", 330, 22.46847, 66],
["obj1558", 330, 21.90109, 227],
["obj1559", 330, 22.94171, 236],
["obj1560", 330, 20.03456, 251],
["obj1561", 330, 24.43319, 316],
["obj1562", 330, 24.67469, 344],
["obj1563", 330, 23.63347, 435],
["obj1564", 330, 24.82821, 483],
["obj1565", 331, 24.38172, 67],
["obj1566", 331, 22.46887, 92],
["obj1567", 331, 23.60108, 199],
["obj1568", 331, 24.60695, 206],
["obj1569", 331, 21.09228, 244],
["obj1570", 331, 24.04898, 277],
["obj1571", 331, 20.36748, 280],
["obj1572", 331, 20.07478, 288],
["obj1573", 331, 23.46597, 487],
["obj1574", 332, 24.5297, 72],
["obj1575", 332, 21.04038, 212],
["obj1576", 332, 24.05854, 249],
["obj1577", 332, 24.95833, 319],
["obj1578", 333, 21.98515, 15],
["obj1579", 333, 20.52368, 87],
["obj1580", 333, 21.03034, 153],
["obj1581", 333, 24.72039, 157],
["obj1582", 333, 21.34918, 194],
["obj1583", 333, 22.43619, 253],
["obj1584", 333, 21.13428, 281],
["obj1585", 333, 20.38407, 337],
["obj1586", 333, 22.96767, 350],
["obj1587", 333, 23.88252, 421],
["obj1588", 333, 20.40575, 489],
["obj1589", 334, 24.57887, 83],
["obj1590", 334, 23.33957, 172],
["obj1591", 334, 22.17821, 271],
["obj1592", 334, 24.42512, 280],
["obj1593", 334, 23.46882, 285],
["obj1594", 334, 24.00058, 311],
["obj1595", 334, 21.23122, 415],
["obj1596", 335, 20.1889, 14],
["obj1597", 335, 20.08013, 17],
["obj1598", 335, 21.79634, 20],
["obj1599", 335, 22.55647, 84],
["obj1600", 335, 22.84065, 101],
["obj1601", 335, 22.92635, 160],
["obj1602", 335, 24.3697, 262],
["obj1603", 335, 24.75566, 359],
["obj1604", 335, 22.66916, 499],
["obj1605", 336, 22.29064, 146],
["obj1606", 336, 24.25995, 249],
["obj1607", 337, 23.84051, 23],
["obj1608", 337, 20.1568, 146],
["obj1609", 337, 23.93236, 200],
["obj1610", 337, 24.14683, 256],
["obj1611", 337, 22.27452, 411],
["obj1612", 338, 20.58504, 70],
["obj1613", 338, 24.15892, 203],
["obj1614", 338, 24.37548, 209],
["obj1615", 338, 24.65514, 225],
["obj1616", 338, 22.616, 235],
["obj1617", 338, 22.95337, 239],
["obj1618", 338, 23.84288, 260],
["obj1619", 338, 23.90653, 303],
["obj1620", 338, 20.28566, 307],
["obj1621", 338, 24.28028, 310],
["obj1622", 338, 23.67906, 353],
["obj1623", 339, 23.48947, 80],
["obj1624", 339, 24.39235, 96],
["obj1625", 339, 22.30338, 154],
["obj1626", 339, 21.94251, 158],
["obj1627", 339, 22.68398, 164],
["obj1628", 339, 24.52168, 214],
["obj1629", 339, 24.17887, 272],
["obj1630", 339, 20.8818, 282],
["obj1631", 339, 23.28953, 285],
["obj1632", 339, 22.44682, 480],
["obj1633", 340, 23.981, 11],
["obj1634", 340, 21.19888, 105],
["obj1635", 340, 20.69206, 108],
["obj1636", 340, 20.25932, 168],
["obj1637", 340, 20.88505, 170],
["obj1638", 340, 22.98455, 290],
["obj1639", 340, 21.53036, 332],
["obj1640", 340, 23.60003, 360],
["obj1641", 340, 22.02204, 498],
["obj1642", 341, 24.91451, 87],
["obj1643", 341, 22.67858, 154],
["obj1644", 341, 22.68706, 270],
["obj1645", 341, 22.92421, 299],
["obj1646", 341, 23.9685, 301],
["obj1647", 341, 22.23992, 430],
["obj1648", 342, 24.51209, 17],
["obj1649", 342, 20.9044, 18],
["obj1650", 342, 21.03818, 160],
["obj1651", 342, 21.46296, 181],
["obj1652", 342, 22.32247, 226],
["obj1653", 342, 24.64427, 283],
["obj1654", 342, 20.29228, 289],
["obj1655", 342, 23.04063, 336],
["obj1656", 342, 23.1933, 341],
["obj1657", 342, 24.60813, 424],
["obj1658", 342, 22.95782, 482],
["obj1659", 342, 22.09646, 493],
["obj1660", 343, 21.59523, 165],
["obj1661", 343, 23.09607, 224],
["obj1662", 343, 23.87642, 348],
["obj1663", 344, 24.03471, 104],
["obj1664", 344, 23.85283, 150],
["obj1665", 344, 22.88438, 239],
["obj1666", 344, 20.24319, 244],
["obj1667", 344, 21.84492, 296],
["obj1668", 344, 24.38674, 315],
["obj1669", 344, 20.6408, 400],
["obj1670", 344, 23.73886, 405],
["obj1671", 345, 21.31283, 18],
["obj1672", 345, 22.32298, 174],
["obj1673", 345, 23.17126, 176],
["obj1674", 345, 24.7661, 257],
["obj1675", 345, 21.44713, 280],
["obj1676", 345, 22.37218, 304],
["obj1677", 345, 24.54498, 309],
["obj1678", 345, 20.19808, 324],
["obj1679", 345, 22.41023, 330],
["obj1680", 345, 24.22119, 336],
["obj1681", 345, 24.54536, 471],
["obj1682", 346, 20.62355, 219],
["obj1683", 346, 20.35399, 231],
["obj1684", 346, 24.59049, 244],
["obj1685", 346, 20.07321, 308],
["obj1686", 346, 20.38199, 314],
["obj1687", 346, 21.48022, 343],
["obj1688", 346, 23.15579, 425],
["obj1689", 347, 20.44137, 67],
["obj1690", 347, 23.23928, 95],
["obj1691", 347, 20.8367, 180],
["obj1692", 347, 21.34858, 234],
["obj1693", 347, 23.79886, 298],
["obj1694", 347, 23.76692, 437],
["obj1695", 347, 21.07815, 481],
["obj1696", 348, 21.75672, 81],
["obj1697", 348, 24.34022, 176],
["obj1698", 348, 20.34213, 222],
["obj1699", 348, 20.58091, 241],
["obj1700", 348, 22.3262, 357],
["obj1701", 348, 22.62777, 413],
["obj1702", 349, 24.54291, 94],
["obj1703", 349, 24.51068, 220],
["obj1704", 349, 20.23517, 326],
["obj1705", 349, 22.1475, 423],
["obj1706", 349, 20.26328, 470],
["obj1707", 349, 24.1596, 492],
["obj1708", 350, 20.0344, 186],
["obj1709", 350, 24.63526, 202],
["obj1710", 350, 21.72223, 235],
["obj1711", 350, 22.69643, 258],
["obj1712", 350, 24.34543, 290],
["obj1713", 350, 24.1673, 395],
["obj1714", 350, 22.94208, 491],
["obj1715", 351, 21.45558, 256],
["obj1716", 351, 22.13759, 309],
["obj1717", 351, 22.23729, 341],
["obj1718", 351, 24.451, 406],
["obj1719", 351, 24.03161, 479],
["obj1720", 352, 20.40348, 16],
["obj1721", 352, 24.11382, 65],
["obj1722", 352, 21.33822, 229],
["obj1723", 352, 22.59768, 398],
["obj1724", 353, 24.51052, 15],
["obj1725", 353, 23.72293, 88],
["obj1726", 353, 20.67644, 184],
["obj1727", 353, 20.65681, 213],
["obj1728", 353, 21.05953, 216],
["obj1729", 353, 21.22837, 236],
["obj1730", 353, 20.87642, 261],
["obj1731", 353, 20.57991, 306],
["obj1732", 353, 24.47501, 349],
["obj1733", 354, 24.37087, 22],
["obj1734", 354, 24.56746, 101],
["obj1735", 354, 23.67257, 236],
["obj1736", 354, 23.63247, 312],
["obj1737", 354, 21.01757, 324],
["obj1738", 354, 22.87628, 345],
["obj1739", 354, 20.39544, 408],
["obj1740", 355, 23.86969, 186],
["obj1741", 355, 24.66388, 264],
["obj1742", 355, 22.51831, 431],
["obj1743", 355, 20.45057, 493],
["obj1744", 356, 21.24631, 86],
["obj1745", 356, 24.74511, 107],
["obj1746", 356, 20.09227, 190],
["obj1747", 356, 21.69112, 272],
["obj1748", 356, 22.99701, 322],
["obj1749", 356, 24.79775, 417],
["obj1750", 356, 22.59515, 483],
["obj1751", 356, 23.97825, 488],
["obj1752", 356, 23.78543, 497],
["obj1753", 357, 23.48384, 62],
["obj1754", 357, 21.24807, 63],
["obj1755", 357, 24.01888, 65],
["obj1756", 357, 24.64568, 339],
["obj1757", 357, 20.60383, 406],
["obj1758", 358, 23.52937, 194],
["obj1759", 358, 24.51697, 214],
["obj1760", 358, 23.43421, 250],
["obj1761", 358, 21.37801, 259],
["obj1762", 358, 24.20429, 282],
["obj1763", 358, 20.38481, 293],
["obj1764", 358, 24.09028, 404],
["obj1765", 358, 22.92191, 410],
["obj1766", 358, 22.07597, 480],
["obj1767", 359, 24.73799, 87],
["obj1768", 359, 21.32783, 187],
["obj1769", 359, 24.12479, 194],
["obj1770", 359, 23.88894, 203],
["obj1771", 360, 23.68367, 25],
["obj1772", 360, 20.33481, 214],
["obj1773", 360, 23.60101, 224],
["obj1774", 360, 24.17653, 272],
["obj1775", 360, 22.48382, 437],
["obj1776", 360, 22.44045, 484],
["obj1777", 361, 21.00817, 236],
["obj1778", 361, 24.6139, 267],
["obj1779", 361, 23.00277, 335],
["obj1780", 361, 23.18081, 339],
["obj1781", 362, 20.58587, 11],
["obj1782", 362, 22.80366, 98],
["obj1783", 362, 20.59809, 102],
["obj1784", 362, 24.86792, 206],
["obj1785", 362, 20.87065, 238],
["obj1786", 362, 21.76437, 261],
["obj1787", 362, 21.38395, 327],
["obj1788", 362, 23.80478, 392],
["obj1789", 362, 22.8557, 489],
["obj1790", 363, 23.9537, 68],
["obj1791", 363, 22.37458, 119],
["obj1792", 363, 20.22219, 251],
["obj1793", 363, 24.07857, 271],
["obj1794", 363, 21.51967, 415],
["obj1795", 364, 23.63125, 64],
["obj1796", 364, 20.88311, 246],
["obj1797", 364, 21.57952, 257],
["obj1798", 364, 21.00164, 283],
["obj1799", 364, 24.28406, 290],
["obj1800", 364, 22.1093, 315],
["obj1801", 365, 23.99259, 86],
["obj1802", 365, 20.1314, 114],
["obj1803", 365, 24.38172, 198],
["obj1804", 365, 21.3183, 230],
["obj1805", 365, 22.17462, 237],
["obj1806", 365, 22.98807, 300],
["obj1807", 365, 23.88945, 311],
["obj1808", 365, 21.75488, 427],
["obj1809", 365, 20.13083, 477],
["obj1810", 366, 22.77627, 83],
["obj1811", 366, 24.23422, 125],
["obj1812", 366, 24.42754, 253],
["obj1813", 366, 22.99501, 411],
["obj1814", 366, 24.64673, 428],
["obj1815", 367, 22.12534, 91],
["obj1816", 367, 20.1385, 99],
["obj1817", 367, 24.46253, 261],
["obj1818", 367, 21.66901, 265],
["obj1819", 367, 23.26292, 422],
["obj1820", 368, 22.44797, 25],
["obj1821", 368, 21.63663, 236],
["obj1822", 368, 21.25524, 261],
["obj1823", 368, 24.20945, 319],
["obj1824", 368, 24.38626, 323],
["obj1825", 368, 21.69408, 326],
["obj1826", 368, 20.05873, 489],
["obj1827", 369, 21.23774, 80],
["obj1828", 369, 20.89663, 123],
["obj1829", 369, 24.0678, 257],
["obj1830", 369, 24.06207, 292],
["obj1831", 369, 24.43007, 407],
["obj1832", 370, 23.46809, 243],
["obj1833", 370, 23.44374, 250],
["obj1834", 370, 23.25145, 483],
["obj1835", 370, 24.53903, 496],
["obj1836", 370, 23.08196, 497],
["obj1837", 371, 24.60134, 216],
["obj1838", 371, 23.08723, 308],
["obj1839", 371, 22.91473, 490],
["obj1840", 371, 23.51679, 497],
["obj1841", 372, 22.58562, 96],
["obj1842", 372, 21.52423, 215],
["obj1843", 372, 23.72427, 480],
["obj1844", 372, 20.83617, 494],
["obj1845", 373, 24.48818, 29],
["obj1846", 373, 22.85896, 72],
["obj1847", 373, 21.55998, 128],
["obj1848", 373, 24.69451, 410],
["obj1849", 373, 21.94645, 472],
["obj1850", 373, 20.97784, 474],
["obj1851", 374, 24.54553, 72],
["obj1852", 374, 22.16552, 128],
["obj1853", 374, 20.87493, 471],
["obj1854", 374, 24.41952, 475],
["obj1855", 375, 24.43719, 131],
["obj1856", 376, 22.99755, 70],
["obj1857", 376, 23.68786, 120],
["obj1858", 376, 24.29768, 432],
["obj1859", 376, 22.18261, 478],
["obj1860", 377, 24.30278, 135],
["obj1861", 378, 24.874, 114],
["obj1862", 378, 22.53426, 386],
["obj1863", 378, 24.80224, 418],
["obj1864", 379, 21.53524, 92],
["obj1865", 379, 22.83581, 404],
["obj1866", 380, 24.45136, 84],
["obj1867", 380, 24.49737, 422],
["obj1868", 380, 20.67931, 470],
["obj1869", 380, 20.87953, 480],
["obj1870", 381, 24.07328, 115],
["obj1871", 381, 23.71944, 134],
["obj1872", 381, 24.79573, 387],
["obj1873", 381, 23.82944, 480],
["obj1874", 382, 21.85218, 15],
["obj1875", 382, 24.19299, 70],
["obj1876", 382, 24.45574, 79],
["obj1877", 382, 23.95655, 121],
["obj1878", 382, 20.24841, 426],
["obj1879", 383, 24.94707, 17],
["obj1880", 383, 24.64832, 20],
["obj1881", 383, 20.7124, 110],
["obj1882", 383, 24.12034, 479],
["obj1883", 383, 21.95778, 486],
["obj1884", 384, 23.94156, 135],
["obj1885", 384, 23.42102, 398],
["obj1886", 384, 24.31358, 483],
["obj1887", 384, 24.67397, 488],
["obj1888", 384, 23.74519, 492],
["obj1889", 385, 23.83236, 117],
["obj1890", 385, 24.98605, 389],
["obj1891", 385, 21.34633, 392],
["obj1892", 385, 23.44968, 403],
["obj1893", 385, 23.69001, 426],
["obj1894", 385, 20.70712, 493],
["obj1895", 386, 21.16652, 87],
["obj1896", 386, 20.7929, 134],
["obj1897", 387, 23.16466, 28],
["obj1898", 387, 23.87592, 113],
["obj1899", 387, 23.77561, 123],
["obj1900", 387, 22.77484, 137],
["obj1901", 387, 20.90776, 377],
["obj1902", 387, 23.75095, 425],
["obj1903", 388, 20.41547, 24],
["obj1904", 388, 22.22366, 100],
["obj1905", 388, 23.98462, 117],
["obj1906", 388, 24.84653, 142],
["obj1907", 388, 21.40094, 154],
["obj1908", 389, 20.80993, 109],
["obj1909", 389, 20.71493, 148],
["obj1910", 389, 23.63716, 163],
["obj1911", 389, 23.40189, 164],
["obj1912", 389, 20.17567, 380],
["obj1913", 389, 20.5146, 497],
["obj1914", 390, 23.16198, 92],
["obj1915", 390, 21.03083, 106],
["obj1916", 390, 23.54008, 156],
["obj1917", 390, 20.7454, 159],
["obj1918", 390, 20.85534, 365],
["obj1919", 390, 24.61241, 421],
["obj1920", 391, 20.34855, 21],
["obj1921", 391, 23.19165, 126],
["obj1922", 391, 20.56223, 144],
["obj1923", 391, 23.99929, 165],
["obj1924", 392, 20.71684, 85],
["obj1925", 392, 20.27179, 110],
["obj1926", 392, 23.19738, 387],
["obj1927", 392, 22.15059, 394],
["obj1928", 392, 23.85183, 498],
["obj1929", 393, 21.29607, 33],
["obj1930", 393, 21.47514, 134],
["obj1931", 393, 21.30389, 153],
["obj1932", 393, 21.79669, 396],
["obj1933", 393, 20.1834, 466],
["obj1934", 394, 22.94346, 366],
["obj1935", 394, 23.22998, 391],
["obj1936", 394, 24.57596, 395],
["obj1937", 394, 23.65482, 405],
["obj1938", 394, 24.28145, 498],
["obj1939", 395, 22.75776, 99],
["obj1940", 395, 21.10142, 103],
["obj1941", 395, 24.26365, 172],
["obj1942", 395, 23.91999, 402],
["obj1943", 396, 21.21531, 16],
["obj1944", 396, 24.86668, 23],
["obj1945", 396, 20.49282, 70],
["obj1946", 396, 23.05107, 113],
["obj1947", 396, 23.35815, 137],
["obj1948", 396, 20.97908, 391],
["obj1949", 396, 21.97226, 491],
["obj1950", 397, 20.04515, 93],
["obj1951", 397, 23.22339, 123],
["obj1952", 397, 22.78093, 151],
["obj1953", 397, 20.3809, 179],
["obj1954", 397, 24.40106, 366],
["obj1955", 398, 23.47445, 110],
["obj1956", 398, 22.71157, 129],
["obj1957", 398, 21.45382, 182],
["obj1958", 398, 24.46893, 186],
["obj1959", 398, 22.74362, 380],
["obj1960", 399, 24.18263, 94],
["obj1961", 399, 24.50099, 112],
["obj1962", 399, 22.76363, 125],
["obj1963", 399, 20.75701, 490],
["obj1964", 400, 20.86713, 95],
["obj1965", 400, 23.87594, 167],
["obj1966", 400, 23.40434, 376],
["obj1967", 400, 24.99267, 379],
["obj1968", 400, 21.57086, 485],
["obj1969", 401, 23.03215, 111],
["obj1970", 401, 20.55725, 122],
["obj1971", 401, 22.01443, 134],
["obj1972", 402, 20.02184, 87],
["obj1973", 402, 20.89439, 128],
["obj1974", 402, 22.75532, 160],
["obj1975", 402, 24.70638, 176],
["obj1976", 402, 21.74444, 191],
["obj1977", 402, 24.68223, 349],
["obj1978", 402, 20.14236, 353],
["obj1979", 402, 23.28614, 469],
["obj1980", 403, 20.19743, 376],
["obj1981", 404, 24.7628, 73],
["obj1982", 404, 20.10102, 162],
["obj1983", 404, 22.64555, 163],
["obj1984", 404, 22.87072, 180],
["obj1985", 404, 23.99624, 399],
["obj1986", 405, 23.34358, 84],
["obj1987", 405, 23.10649, 104],
["obj1988", 405, 24.52735, 175],
["obj1989", 405, 23.10998, 183],
["obj1990", 405, 21.51563, 360],
["obj1991", 405, 21.89419, 364],
["obj1992", 405, 21.20814, 375],
["obj1993", 406, 20.67858, 14],
["obj1994", 406, 22.30014, 23],
["obj1995", 406, 20.08966, 96],
["obj1996", 406, 23.21334, 104],
["obj1997", 406, 24.7889, 135],
["obj1998", 406, 21.99427, 183],
["obj1999", 406, 22.31074, 373],
["obj2000", 406, 21.14167, 416],
["obj2001", 406, 23.48965, 479],
["obj2002", 406, 21.78763, 481],
["obj2003", 407, 20.14682, 12],
["obj2004", 407, 23.61032, 106],
["obj2005", 407, 23.60482, 150],
["obj2006", 407, 20.16947, 472],
["obj2007", 408, 20.25882, 37],
["obj2008", 408, 24.53114, 115],
["obj2009", 408, 20.65889, 156],
["obj2010", 408, 23.59866, 171],
["obj2011", 408, 20.021, 200],
["obj2012", 408, 24.54518, 341],
["obj2013", 408, 24.3292, 355],
["obj2014", 408, 22.90038, 411],
["obj2015", 409, 20.82058, 20],
["obj2016", 409, 22.39487, 21],
["obj2017", 409, 24.60071, 79],
["obj2018", 409, 24.57512, 112],
["obj2019", 409, 20.01785, 166],
["obj2020", 409, 24.25745, 178],
["obj2021", 409, 24.12447, 200],
["obj2022", 409, 24.85602, 213],
["obj2023", 410, 20.15831, 83],
["obj2024", 410, 22.5905, 96],
["obj2025", 410, 23.38058, 137],
["obj2026", 410, 22.78507, 404],
["obj2027", 410, 20.56412, 472],
["obj2028", 411, 24.14821, 136],
["obj2029", 411, 24.62653, 168],
["obj2030", 411, 24.62834, 170],
["obj2031", 411, 21.42159, 180],
["obj2032", 411, 20.44055, 181],
["obj2033", 411, 22.27855, 195],
["obj2034", 411, 23.96224, 200],
["obj2035", 411, 24.11654, 237],
["obj2036", 411, 23.79033, 247],
["obj2037", 411, 23.80382, 300],
["obj2038", 411, 23.64768, 329],
["obj2039", 411, 20.97797, 461],
["obj2040", 411, 22.07998, 462],
["obj2041", 411, 20.71226, 471],
["obj2042", 412, 24.99708, 148],
["obj2043", 412, 24.98553, 171],
["obj2044", 412, 24.92964, 173],
["obj2045", 412, 20.69808, 374],
["obj2046", 412, 20.14864, 480],
["obj2047", 413, 22.6753, 81]
]
