[
["obj0", 11, 22.91021, 64],
["obj1", 11, 24.53794, 306],
["obj2", 11, 22.81764, 339],
["obj3", 11, 23.85322, 370],
["obj4", 11, 23.05448, 413],
["obj5", 11, 20.16926, 443],
["obj6", 11, 20.45806, 457],
["obj7", 11, 24.84654, 478],
["obj8", 12, 24.38957, 282],
["obj9", 12, 24.52338, 345],
["obj10", 12, 21.66026, 353],
["obj11", 12, 23.58351, 464],
["obj12", 13, 22.22258, 70],
["obj13", 13, 22.88543, 305],
["obj14", 13, 23.3577, 437],
["obj15", 14, 21.49545, 314],
["obj16", 14, 22.56933, 435],
["obj17", 14, 22.77859, 454],
["obj18", 14, 20.50502, 475],
["obj19", 14, 22.49682, 492],
["obj20", 15, 23.79876, 316],
["obj21", 15, 24.94496, 399],
["obj22", 15, 21.5561, 453],
["obj23", 15, 22.71908, 477],
["obj24", 15, 21.36542, 495],
["obj25", 16, 20.50541, 306],
["obj26", 16, 22.77707, 332],
["obj27", 16, 23.868, 357],
["obj28", 16, 23.23451, 394],
["obj29", 17, 24.54884, 300],
["obj30", 17, 23.74942, 410],
["obj31", 18, 21.92471, 292],
["obj32", 18, 24.38191, 321],
["obj33", 18, 23.32427, 481],
["obj34", 18, 20.09026, 484],
["obj35", 19, 23.82595, 314],
["obj36", 19, 20.88032, 371],
["obj37", 19, 20.30419, 375],
["obj38", 19, 23.42125, 440],
["obj39", 20, 22.97197, 323],
["obj40", 20, 20.31018, 417],
["obj41", 21, 21.49609, 303],
["obj42", 21, 20.75247, 379],
["obj43", 21, 23.78071, 401],
["obj44", 22, 23.02846, 325],
["obj45", 22, 21.01192, 450],
["obj46", 23, 24.8102, 368],
["obj47", 23, 24.91134, 426],
["obj48", 23, 21.87588, 448],
["obj49", 24, 22.60256, 377],
["obj50", 24, 20.30567, 443],
["obj51", 24, 23.40622, 490],
["obj52", 24, 22.94348, 498],
["obj53", 25, 21.31359, 402],
["obj54", 26, 23.71965, 397],
["obj55", 27, 22.70938, 351],
["obj56", 27, 24.15595, 422],
["obj57", 27, 20.99017, 449],
["obj58", 28, 20.35878, 383],
["obj59", 28, 20.03288, 430],
["obj60", 28, 24.67992, 454],
["obj61", 28, 21.91472, 496],
["obj62", 29, 23.994, 394],
["obj63", 29, 20.49892, 398],
["obj64", 29, 21.72696, 412],
["obj65", 29, 23.66094, 435],
["obj66", 29, 22.56843, 498],
["obj67", 30, 20.10466, 462],
["obj68", 31, 21.28321, 372],
["obj69", 32, 23.47493, 361],
["obj70", 32, 20.65524, 393],
["obj71", 33, 23.21181, 197],
["obj72", 33, 24.23525, 374],
["obj73", 33, 22.60914, 416],
["obj74", 34, 22.96821, 200],
["obj75", 34, 24.55248, 204],
["obj76", 34, 20.03922, 213],
["obj77", 34, 22.93842, 223],
["obj78", 34, 24.23628, 366],
["obj79", 34, 24.47412, 380],
["obj80", 34, 22.26165, 405],
["obj81", 34, 20.89036, 459],
["obj82", 34, 22.08896, 491],
["obj83", 35, 21.164, 369],
["obj84", 35, 23.84393, 382],
["obj85", 35, 23.43305, 396],
["obj86", 35, 22.15003, 400],
["obj87", 35, 21.57841, 479],
["obj88", 35, 23.31606, 495],
["obj89", 36, 23.06239, 173],
["obj90", 36, 20.20638, 374],
["obj91", 36, 23.00672, 407],
["obj92", 36, 20.90824, 412],
["obj93", 36, 23.40999, 422],
["obj94", 36, 21.13137, 448],
["obj95", 37, 23.49646, 174],
["obj96", 37, 22.29081, 224],
["obj97", 38, 20.92144, 23],
["obj98", 38, 23.51978, 128],
["obj99", 38, 21.08294, 215],
["obj100", 38, 21.14937, 227],
["obj101", 38, 24.80272, 371],
["obj102", 38, 24.53198, 398],
["obj103", 38, 21.16916, 434],
["obj104", 38, 23.23889, 443],
["obj105", 38, 20.87512, 477],
["obj106", 39, 23.5012, 137],
["obj107", 39, 22.15, 170],
["obj108", 39, 23.17116, 217],
["obj109", 39, 20.33607, 381],
["obj110", 39, 24.03207, 386],
["obj111", 39, 24.31563, 422],
["obj112", 39, 20.97687, 467],
["obj113", 40, 21.17637, 24],
["obj114", 40, 21.03891, 31],
["obj115", 40, 21.86518, 187],
["obj116", 40, 24.21908, 411],
["obj117", 40, 24.29989, 434],
["obj118", 40, 22.48663, 442],
["obj119", 41, 24.31787, 148],
["obj120", 41, 20.76394, 151],
["obj121", 41, 23.96126, 158],
["obj122", 41, 24.32176, 180],
["obj123", 41, 21.43794, 208],
["obj124", 41, 23.7108, 471],
["obj125", 42, 23.95048, 100],
["obj126", 42, 24.34388, 116],
["obj127", 42, 24.33815, 126],
["obj128", 42, 23.44999, 207],
["obj129", 42, 20.10947, 214],
["obj130", 42, 21.65238, 422],
["obj131", 42, 21.44132, 434],
["obj132", 42, 21.83958, 449],
["obj133", 43, 20.85156, 74],
["obj134", 43, 20.50966, 89],
["obj135", 43, 21.17384, 178],
["obj136", 43, 20.55194, 197],
["obj137", 43, 20.53988, 205],
["obj138", 43, 23.94378, 427],
["obj139", 43, 22.08385, 441],
["obj140", 44, 21.99125, 13],
["obj141", 44, 24.17115, 88],
["obj142", 44, 23.97651, 111],
["obj143", 44, 24.89183, 122],
["obj144", 44, 23.14037, 215],
["obj145", 45, 23.35647, 24],
["obj146", 45, 20.23138, 54],
["obj147", 45, 22.27852, 67],
["obj148", 45, 24.70248, 142],
["obj149", 45, 24.00791, 195],
["obj150", 45, 20.0881, 207],
["obj151", 45, 22.06567, 473],
["obj152", 46, 20.9152, 61],
["obj153", 46, 23.49509, 90],
["obj154", 46, 23.44823, 105],
["obj155", 46, 22.28717, 172],
["obj156", 46, 24.60209, 187],
["obj157", 46, 22.84389, 243],
["obj158", 46, 20.82931, 425],
["obj159", 47, 23.63189, 153],
["obj160", 47, 22.73612, 234],
["obj161", 47, 21.83588, 256],
["obj162", 47, 20.8333, 428],
["obj163", 47, 22.77874, 430],
["obj164", 47, 21.55878, 431],
["obj165", 47, 21.25417, 467],
["obj166", 47, 24.31911, 468],
["obj167", 47, 22.21707, 475],
["obj168", 47, 21.25921, 476],
["obj169", 47, 23.75189, 492],
["obj170", 48, 23.72391, 21],
["obj171", 48, 23.13471, 69],
["obj172", 48, 23.51556, 221],
["obj173", 48, 23.64752, 240],
["obj174", 48, 23.1511, 467],
["obj175", 49, 21.60296, 36],
["obj176", 49, 23.13311, 141],
["obj177", 49, 20.85257, 147],
["obj178", 49, 21.57645, 150],
["obj179", 49, 23.34663, 153],
["obj180", 50, 22.32355, 181],
["obj181", 50, 24.57933, 186],
["obj182", 50, 23.29609, 207],
["obj183", 50, 22.02409, 229],
["obj184", 50, 23.11543, 236],
["obj185", 50, 20.13071, 264],
["obj186", 50, 21.44364, 459],
["obj187", 51, 24.648, 142],
["obj188", 51, 22.79273, 176],
["obj189", 51, 20.37963, 444],
["obj190", 51, 20.35431, 464],
["obj191", 51, 23.50228, 465],
["obj192", 52, 24.96645, 29],
["obj193", 52, 23.51562, 76],
["obj194", 52, 22.84552, 120],
["obj195", 52, 22.50424, 131],
["obj196", 52, 22.73062, 153],
["obj197", 52, 24.2196, 157],
["obj198", 52, 24.47906, 171],
["obj199", 52, 20.8048, 176],
["obj200", 52, 20.538, 178],
["obj201", 52, 20.52622, 180],
["obj202", 52, 23.34578, 207],
["obj203", 52, 23.78978, 232],
["obj204", 53, 20.51838, 11],
["obj205", 53, 22.56128, 34],
["obj206", 53, 24.64354, 102],
["obj207", 53, 20.85663, 141],
["obj208", 53, 22.495, 167],
["obj209", 53, 24.82727, 170],
["obj210", 53, 24.5686, 177],
["obj211", 53, 20.45626, 208],
["obj212", 53, 23.44871, 478],
["obj213", 53, 24.09138, 487],
["obj214", 53, 20.43323, 492],
["obj215", 53, 22.46027, 498],
["obj216", 54, 24.42058, 106],
["obj217", 54, 23.55246, 109],
["obj218", 54, 22.62024, 130],
["obj219", 54, 21.71228, 217],
["obj220", 54, 23.908, 284],
["obj221", 54, 23.49995, 452],
["obj222", 54, 22.9023, 458],
["obj223", 55, 21.76185, 20],
["obj224", 55, 20.44519, 144],
["obj225", 55, 22.63266, 160],
["obj226", 55, 21.4278, 183],
["obj227", 55, 21.20482, 218],
["obj228", 55, 20.92574, 253],
["obj229", 55, 20.7352, 261],
["obj230", 55, 21.54667, 265],
["obj231", 55, 22.85618, 276],
["obj232", 55, 21.38058, 292],
["obj233", 55, 24.1811, 451],
["obj234", 56, 22.03526, 44],
["obj235", 56, 21.79101, 55],
["obj236", 56, 24.21611, 57],
["obj237", 56, 22.83957, 114],
["obj238", 56, 20.93873, 115],
["obj239", 56, 22.19322, 185],
["obj240", 56, 22.44303, 213],
["obj241", 56, 24.61131, 218],
["obj242", 56, 21.88878, 264],
["obj243", 56, 22.77839, 464],
["obj244", 56, 24.36304, 473],
["obj245", 57, 22.20529, 115],
["obj246", 57, 20.67611, 150],
["obj247", 57, 21.80911, 168],
["obj248", 57, 22.24939, 499],
["obj249", 58, 21.55602, 41],
["obj250", 58, 21.11577, 47],
["obj251", 58, 20.59243, 127],
["obj252", 58, 20.59796, 209],
["obj253", 58, 24.40067, 215],
["obj254", 58, 21.52498, 485],
["obj255", 59, 21.73905, 280],
["obj256", 59, 21.13802, 285],
["obj257", 59, 22.53185, 299],
["obj258", 59, 22.18171, 311],
["obj259", 59, 24.20218, 476],
["obj260", 59, 24.25384, 498],
["obj261", 60, 23.69987, 145],
["obj262", 60, 23.76342, 184],
["obj263", 60, 23.67531, 247],
["obj264", 60, 24.13884, 450],
["obj265", 61, 20.94813, 209],
["obj266", 61, 22.33997, 225],
["obj267", 61, 24.14262, 453],
["obj268", 62, 21.51868, 55],
["obj269", 62, 22.80492, 67],
["obj270", 62, 20.08358, 136],
["obj271", 62, 22.7837, 297],
["obj272", 62, 22.05872, 480],
["obj273", 62, 20.90323, 499],
["obj274", 63, 24.92318, 32],
["obj275", 63, 23.02193, 39],
["obj276", 63, 22.64368, 82],
["obj277", 63, 21.34222, 169],
["obj278", 63, 24.62086, 178],
["obj279", 63, 20.75687, 182],
["obj280", 63, 20.4769, 213],
["obj281", 63, 21.95717, 219],
["obj282", 63, 22.19562, 245],
["obj283", 63, 22.42101, 268],
["obj284", 63, 24.1393, 277],
["obj285", 63, 21.47455, 454],
["obj286", 64, 21.39299, 52],
["obj287", 64, 21.28064, 103],
["obj288", 64, 21.91834, 170],
["obj289", 64, 23.54136, 188],
["obj290", 64, 23.23372, 229],
["obj291", 64, 22.79242, 231],
["obj292", 64, 20.70088, 489],
["obj293", 65, 21.63674, 12],
["obj294", 65, 22.14292, 244],
["obj295", 65, 24.25333, 329],
["obj296", 65, 21.46735, 337],
["obj297", 66, 20.57491, 60],
["obj298", 66, 21.99784, 69],
["obj299", 66, 24.16243, 187],
["obj300", 66, 20.01182, 192],
["obj301", 66, 20.68357, 201],
["obj302", 66, 22.75186, 304],
["obj303", 67, 23.47515, 73],
["obj304", 67, 20.6881, 235],
["obj305", 67, 23.86838, 251],
["obj306", 67, 20.69405, 301],
["obj307", 67, 23.23222, 340],
["obj308", 68, 20.25638, 52],
["obj309", 68, 23.18893, 167],
["obj310", 68, 20.54445, 230],
["obj311", 68, 24.88869, 252],
["obj312", 69, 23.93543, 238],
["obj313", 69, 21.09348, 296],
["obj314", 69, 20.66496, 333],
["obj315", 69, 24.50717, 338],
["obj316", 69, 24.99876, 340],
["obj317", 70, 24.41586, 49],
["obj318", 70, 21.67529, 231],
["obj319", 70, 20.23278, 285],
["obj320", 70, 24.23398, 316],
["obj321", 70, 23.10829, 474],
["obj322", 70, 21.76697, 478],
["obj323", 70, 24.07414, 488],
["obj324", 71, 21.89934, 26],
["obj325", 71, 23.57052, 52],
["obj326", 71, 23.2167, 179],
["obj327", 71, 24.73289, 190],
["obj328", 71, 21.21441, 207],
["obj329", 71, 21.5472, 257],
["obj330", 71, 20.82528, 277],
["obj331", 71, 20.19121, 472],
["obj332", 72, 23.73146, 23],
["obj333", 72, 21.94015, 49],
["obj334", 72, 21.8739, 210],
["obj335", 72, 20.57874, 245],
["obj336", 72, 21.65073, 333],
["obj337", 73, 22.20006, 24],
["obj338", 73, 21.80602, 242],
["obj339", 73, 22.20315, 282],
["obj340", 73, 22.70672, 354],
["obj341", 73, 24.53666, 468],
["obj342", 73, 23.3531, 472],
["obj343", 73, 21.06071, 478],
["obj344", 73, 22.51679, 496],
["obj345", 74, 23.53716, 26],
["obj346", 74, 22.50698, 229],
["obj347", 75, 23.7247, 40],
["obj348", 75, 21.26318, 76],
["obj349", 75, 21.56387, 258],
["obj350", 75, 22.86308, 324],
["obj351", 75, 21.31889, 344],
["obj352", 75, 21.07506, 486],
["obj353", 75, 20.11744, 494],
["obj354", 76, 22.29366, 42],
["obj355", 76, 20.97015, 276],
["obj356", 76, 21.80141, 298],
["obj357", 76, 22.65805, 325],
["obj358", 76, 20.18026, 346],
["obj359", 77, 21.22967, 35],
["obj360", 77, 20.97849, 284],
["obj361", 77, 24.5246, 337],
["obj362", 77, 20.70064, 462],
["obj363", 77, 22.5853, 463],
["obj364", 77, 21.41112, 479],
["obj365", 77, 21.72152, 499],
["obj366", 78, 24.34249, 28],
["obj367", 78, 23.52784, 254],
["obj368", 78, 21.394, 315],
["obj369", 78, 22.79661, 349],
["obj370", 78, 24.99352, 374],
["obj371", 79, 24.91637, 301],
["obj372", 79, 24.37205, 338],
["obj373", 79, 21.44201, 342],
["obj374", 79, 22.33812, 354],
["obj375", 79, 22.52282, 367],
["obj376", 79, 24.76987, 373],
["obj377", 80, 21.69917, 324],
["obj378", 80, 20.61026, 397],
["obj379", 81, 24.13618, 29],
["obj380", 81, 21.24002, 286],
["obj381", 81, 23.36438, 324],
["obj382", 81, 20.09781, 366],
["obj383", 81, 20.60964, 493],
["obj384", 81, 21.23621, 497],
["obj385", 82, 23.47714, 263],
["obj386", 82, 20.34066, 325],
["obj387", 82, 23.02955, 374],
["obj388", 82, 20.07231, 397],
["obj389", 82, 23.94927, 403],
["obj390", 83, 21.96025, 32],
["obj391", 83, 22.65921, 366],
["obj392", 83, 21.54009, 399],
["obj393", 84, 21.20482, 299],
["obj394", 84, 23.59142, 372],
["obj395", 84, 24.55662, 402],
["obj396", 84, 21.43264, 407],
["obj397", 84, 20.08058, 409],
["obj398", 84, 20.45238, 471],
["obj399", 85, 23.98224, 309],
["obj400", 85, 23.56497, 314],
["obj401", 85, 24.10528, 375],
["obj402", 86, 22.39913, 31],
["obj403", 86, 21.21319, 379],
["obj404", 86, 21.20388, 408],
["obj405", 86, 20.40356, 479],
["obj406", 86, 23.46494, 491],
["obj407", 87, 22.62931, 350],
["obj408", 87, 24.78004, 404],
["obj409", 87, 24.52068, 423],
["obj410", 88, 20.14211, 33],
["obj411", 88, 21.25436, 34],
["obj412", 88, 22.34919, 330],
["obj413", 88, 22.24378, 364],
["obj414", 88, 21.78213, 395],
["obj415", 88, 24.30341, 411],
["obj416", 88, 23.53108, 424],
["obj417", 88, 23.1342, 482],
["obj418", 89, 24.52229, 45],
["obj419", 89, 21.48796, 301],
["obj420", 89, 22.48945, 362],
["obj421", 89, 22.82063, 378],
["obj422", 89, 22.28808, 413],
["obj423", 90, 22.44945, 14],
["obj424", 90, 21.08603, 314],
["obj425", 90, 24.33881, 325],
["obj426", 90, 23.52589, 367],
["obj427", 91, 20.21307, 21],
["obj428", 91, 22.70141, 30],
["obj429", 91, 21.95469, 34],
["obj430", 92, 20.6067, 433],
["obj431", 93, 24.89758, 414],
["obj432", 93, 22.04154, 472],
["obj433", 94, 20.2243, 338],
["obj434", 94, 22.01342, 345],
["obj435", 94, 20.67521, 369],
["obj436", 94, 21.62833, 490],
["obj437", 94, 24.43483, 496],
["obj438", 95, 20.90342, 16],
["obj439", 95, 23.54276, 28],
["obj440", 95, 22.41169, 382],
["obj441", 95, 21.85467, 417],
["obj442", 96, 23.64763, 14],
["obj443", 96, 20.06672, 34],
["obj444", 96, 23.97572, 353],
["obj445", 96, 23.71631, 366],
["obj446", 96, 20.24679, 393],
["obj447", 96, 22.23697, 419],
["obj448", 97, 22.72661, 359],
["obj449", 98, 22.29379, 432],
["obj450", 98, 21.92011, 436],
["obj451", 98, 22.89313, 492],
["obj452", 99, 22.8411, 28],
["obj453", 99, 22.94598, 472],
["obj454", 100, 23.58982, 126],
["obj455", 100, 23.72402, 350],
["obj456", 100, 23.23033, 419],
["obj457", 101, 22.85542, 116],
["obj458", 101, 22.44544, 117],
["obj459", 101, 22.47995, 374],
["obj460", 101, 24.78177, 397],
["obj461", 102, 21.34085, 105],
["obj462", 102, 23.58571, 363],
["obj463", 102, 22.28291, 368],
["obj464", 102, 24.54098, 373],
["obj465", 102, 21.82531, 432],
["obj466", 103, 20.29796, 26],
["obj467", 103, 21.81496, 386],
["obj468", 103, 20.21102, 480],
["obj469", 104, 20.77807, 23],
["obj470", 104, 20.94973, 26],
["obj471", 104, 20.06035, 361],
["obj472", 104, 24.86813, 386],
["obj473", 105, 22.44612, 113],
["obj474", 105, 21.15229, 434],
["obj475", 105, 21.86063, 481],
["obj476", 106, 21.4376, 11],
["obj477", 106, 24.2195, 118],
["obj478", 106, 22.96354, 185],
["obj479", 106, 23.15225, 419],
["obj480", 107, 24.08961, 115],
["obj481", 107, 21.33842, 153],
["obj482", 107, 23.70075, 391],
["obj483", 107, 22.37625, 402],
["obj484", 107, 23.5285, 419],
["obj485", 107, 25.00997, 427],
["obj486", 108, 20.55317, 365],
["obj487", 108, 21.74854, 381],
["obj488", 108, 21.85759, 413],
["obj489", 109, 21.46583, 39],
["obj490", 109, 21.5212, 140],
["obj491", 109, 22.01061, 151],
["obj492", 109, 24.68548, 176],
["obj493", 109, 23.27353, 486],
["obj494", 110, 23.2768, 13],
["obj495", 110, 24.8303, 421],
["obj496", 111, 22.89088, 41],
["obj497", 111, 21.56141, 150],
["obj498", 111, 23.38426, 215],
["obj499", 111, 25.00891, 226],
["obj500", 111, 21.75024, 393],
["obj501", 112, 24.70094, 96],
["obj502", 112, 23.36864, 374],
["obj503", 112, 24.6577, 399],
["obj504", 113, 22.90933, 31],
["obj505", 113, 21.83994, 75],
["obj506", 113, 22.85522, 100],
["obj507", 113, 24.57227, 113],
["obj508", 113, 22.22182, 147],
["obj509", 113, 20.89547, 191],
["obj510", 113, 21.1191, 212],
["obj511", 113, 22.52975, 217],
["obj512", 113, 24.90369, 225],
["obj513", 113, 23.17287, 373],
["obj514", 113, 22.02637, 390],
["obj515", 113, 21.05012, 408],
["obj516", 113, 23.56023, 410],
["obj517", 113, 24.07114, 413],
["obj518", 113, 24.95654, 480],
["obj519", 114, 20.46022, 96],
["obj520", 114, 21.66133, 171],
["obj521", 114, 21.45925, 215],
["obj522", 114, 21.46672, 373],
["obj523", 114, 20.92138, 376],
["obj524", 114, 23.03204, 404],
["obj525", 115, 24.9081, 131],
["obj526", 115, 24.81861, 191],
["obj527", 115, 20.02737, 421],
["obj528", 116, 21.03789, 19],
["obj529", 116, 23.5185, 134],
["obj530", 116, 22.18752, 170],
["obj531", 116, 21.22483, 196],
["obj532", 116, 23.89677, 231],
["obj533", 116, 20.71922, 404],
["obj534", 116, 24.81515, 490],
["obj535", 116, 20.38362, 492],
["obj536", 117, 21.9871, 14],
["obj537", 117, 20.99278, 113],
["obj538", 117, 20.29054, 211],
["obj539", 117, 22.21394, 212],
["obj540", 117, 20.99356, 236],
["obj541", 117, 20.18417, 374],
["obj542", 117, 24.03928, 440],
["obj543", 117, 21.83386, 484],
["obj544", 117, 23.58847, 494],
["obj545", 118, 22.30869, 30],
["obj546", 118, 21.7436, 85],
["obj547", 118, 20.76369, 110],
["obj548", 118, 20.06687, 163],
["obj549", 118, 24.43839, 380],
["obj550", 118, 23.18691, 394],
["obj551", 119, 24.17538, 139],
["obj552", 119, 23.56602, 141],
["obj553", 119, 23.86858, 144],
["obj554", 119, 23.32682, 186],
["obj555", 119, 22.35784, 428],
["obj556", 119, 24.98391, 485],
["obj557", 120, 22.34168, 30],
["obj558", 120, 23.58437, 151],
["obj559", 120, 22.09003, 158],
["obj560", 120, 21.98882, 202],
["obj561", 120, 21.7046, 237],
["obj562", 120, 23.20834, 250],
["obj563", 120, 21.89335, 256],
["obj564", 120, 22.96764, 391],
["obj565", 120, 22.26942, 416],
["obj566", 120, 21.54529, 484],
["obj567", 120, 24.72837, 496],
["obj568", 121, 21.33725, 162],
["obj569", 121, 24.7274, 208],
["obj570", 121, 23.39139, 227],
["obj571", 121, 22.11293, 249],
["obj572", 122, 23.67763, 128],
["obj573", 122, 21.98274, 251],
["obj574", 122, 25.01387, 378],
["obj575", 122, 21.44537, 395],
["obj576", 122, 21.43358, 397],
["obj577", 122, 24.55431, 398],
["obj578", 122, 20.22372, 488],
["obj579", 123, 20.74687, 11],
["obj580", 123, 22.7076, 82],
["obj581", 123, 22.63494, 163],
["obj582", 123, 21.68538, 413],
["obj583", 123, 22.20158, 496],
["obj584", 124, 24.15263, 97],
["obj585", 124, 23.55287, 124],
["obj586", 124, 23.45592, 224],
["obj587", 124, 20.09196, 284],
["obj588", 124, 23.46442, 393],
["obj589", 124, 24.01571, 401],
["obj590", 125, 23.19699, 13],
["obj591", 125, 24.79852, 17],
["obj592", 125, 23.8155, 75],
["obj593", 125, 24.25925, 86],
["obj594", 125, 22.59201, 252],
["obj595", 125, 22.20089, 254],
["obj596", 125, 22.54399, 385],
["obj597", 126, 22.36197, 121],
["obj598", 126, 22.87516, 131],
["obj599", 126, 22.93375, 203],
["obj600", 126, 22.87533, 228],
["obj601", 126, 23.75373, 229],
["obj602", 126, 21.17602, 257],
["obj603", 126, 23.27958, 291],
["obj604", 126, 23.08473, 394],
["obj605", 127, 20.58522, 13],
["obj606", 127, 20.18186, 87],
["obj607", 127, 21.8828, 116],
["obj608", 127, 21.24887, 117],
["obj609", 127, 23.44817, 126],
["obj610", 127, 23.64708, 212],
["obj611", 127, 21.24566, 220],
["obj612", 127, 20.13687, 233],
["obj613", 127, 23.9397, 287],
["obj614", 127, 24.57019, 396],
["obj615", 127, 23.04427, 416],
["obj616", 128, 22.11055, 18],
["obj617", 128, 21.10136, 88],
["obj618", 128, 22.5055, 113],
["obj619", 128, 24.61818, 142],
["obj620", 128, 20.81824, 151],
["obj621", 128, 20.77366, 242],
["obj622", 128, 21.49386, 255],
["obj623", 128, 23.37399, 279],
["obj624", 128, 23.38189, 499],
["obj625", 129, 24.86453, 81],
["obj626", 129, 22.63933, 115],
["obj627", 129, 20.93897, 165],
["obj628", 129, 23.00668, 177],
["obj629", 129, 22.01552, 305],
["obj630", 129, 24.7162, 388],
["obj631", 130, 20.55501, 84],
["obj632", 130, 23.70218, 130],
["obj633", 130, 21.48446, 137],
["obj634", 130, 23.54669, 151],
["obj635", 130, 23.39963, 215],
["obj636", 130, 20.40168, 295],
["obj637", 130, 21.12281, 307],
["obj638", 130, 24.26448, 491],
["obj639", 131, 22.58832, 96],
["obj640", 131, 23.70955, 114],
["obj641", 131, 22.84328, 178],
["obj642", 131, 23.38611, 438],
["obj643", 131, 22.6067, 484],
["obj644", 132, 22.49552, 231],
["obj645", 132, 21.48608, 426],
["obj646", 133, 20.23415, 28],
["obj647", 133, 22.86534, 103],
["obj648", 133, 24.45211, 119],
["obj649", 133, 22.25401, 134],
["obj650", 133, 21.86152, 238],
["obj651", 133, 24.92093, 273],
["obj652", 133, 21.33196, 284],
["obj653", 133, 20.3288, 400],
["obj654", 133, 20.41398, 409],
["obj655", 133, 23.77999, 417],
["obj656", 133, 20.76086, 426],
["obj657", 134, 20.36068, 90],
["obj658", 134, 24.90458, 129],
["obj659", 134, 21.54122, 189],
["obj660", 134, 24.59237, 197],
["obj661", 134, 21.12559, 243],
["obj662", 134, 20.59709, 263],
["obj663", 134, 23.17361, 273],
["obj664", 134, 21.53828, 431],
["obj665", 135, 24.80412, 11],
["obj666", 135, 21.02466, 23],
["obj667", 135, 20.56571, 243],
["obj668", 135, 20.80258, 320],
["obj669", 135, 23.89575, 491],
["obj670", 136, 20.2375, 218],
["obj671", 136, 24.19827, 239],
["obj672", 136, 22.46438, 267],
["obj673", 136, 22.67302, 421],
["obj674", 137, 24.37547, 26],
["obj675", 137, 24.64438, 187],
["obj676", 137, 20.70597, 231],
["obj677", 137, 22.80426, 242],
["obj678", 137, 21.95942, 293],
["obj679", 137, 21.22878, 328],
["obj680", 137, 24.84713, 395],
["obj681", 137, 24.89472, 489],
["obj682", 138, 24.37239, 130],
["obj683", 138, 21.55321, 216],
["obj684", 138, 20.13316, 241],
["obj685", 138, 22.35068, 331],
["obj686", 138, 23.60539, 493],
["obj687", 139, 23.19895, 19],
["obj688", 139, 21.14535, 100],
["obj689", 139, 22.51277, 119],
["obj690", 139, 24.59963, 314],
["obj691", 139, 21.6027, 340],
["obj692", 139, 20.89987, 406],
["obj693", 139, 20.74562, 418],
["obj694", 140, 22.24074, 126],
["obj695", 140, 20.81215, 219],
["obj696", 140, 21.48051, 222],
["obj697", 140, 22.77402, 233],
["obj698", 140, 24.93473, 261],
["obj699", 140, 23.44457, 274],
["obj700", 140, 20.30294, 291],
["obj701", 140, 24.33949, 304],
["obj702", 140, 22.44622, 344],
["obj703", 140, 20.86213, 482],
["obj704", 141, 23.53212, 197],
["obj705", 141, 21.18695, 211],
["obj706", 141, 21.84225, 220],
["obj707", 141, 20.08081, 225],
["obj708", 141, 22.26497, 236],
["obj709", 141, 22.31212, 289],
["obj710", 141, 23.28304, 340],
["obj711", 141, 22.19779, 415],
["obj712", 142, 20.97354, 112],
["obj713", 142, 24.75618, 150],
["obj714", 142, 20.16826, 156],
["obj715", 142, 24.69054, 336],
["obj716", 142, 23.82361, 406],
["obj717", 142, 24.89196, 440],
["obj718", 143, 20.59427, 71],
["obj719", 143, 22.04834, 192],
["obj720", 143, 22.01392, 209],
["obj721", 143, 23.61415, 271],
["obj722", 143, 22.6706, 306],
["obj723", 144, 23.53717, 88],
["obj724", 144, 23.27025, 201],
["obj725", 144, 21.87661, 294],
["obj726", 144, 23.30999, 339],
["obj727", 144, 21.13204, 428],
["obj728", 144, 21.27821, 498],
["obj729", 145, 21.93752, 35],
["obj730", 145, 23.15717, 101],
["obj731", 145, 21.34819, 114],
["obj732", 145, 21.26484, 115],
["obj733", 145, 24.96607, 232],
["obj734", 145, 23.10001, 234],
["obj735", 146, 20.57257, 83],
["obj736", 146, 20.2346, 86],
["obj737", 146, 20.162, 208],
["obj738", 146, 21.45602, 226],
["obj739", 146, 23.37596, 244],
["obj740", 146, 24.77239, 254],
["obj741", 146, 23.31337, 267],
["obj742", 146, 21.88889, 486],
["obj743", 146, 22.66323, 491],
["obj744", 147, 20.7941, 98],
["obj745", 147, 22.07709, 114],
["obj746", 147, 22.16336, 122],
["obj747", 147, 23.14036, 146],
["obj748", 147, 20.97935, 344],
["obj749", 147, 24.25554, 353],
["obj750", 148, 24.5708, 19],
["obj751", 148, 24.01929, 119],
["obj752", 148, 21.97708, 127],
["obj753", 148, 24.74766, 138],
["obj754", 148, 20.44916, 185],
["obj755", 148, 21.11547, 218],
["obj756", 148, 21.68351, 437],
["obj757", 148, 20.60762, 489],
["obj758", 149, 22.03236, 161],
["obj759", 149, 24.59794, 228],
["obj760", 149, 22.52107, 230],
["obj761", 149, 24.30913, 235],
["obj762", 149, 20.27446, 312],
["obj763", 149, 24.20187, 324],
["obj764", 149, 22.18667, 333],
["obj765", 149, 21.20138, 420],
["obj766", 149, 24.49655, 488],
["obj767", 150, 23.89022, 79],
["obj768", 150, 24.52057, 99],
["obj769", 150, 20.50566, 124],
["obj770", 150, 22.97046, 138],
["obj771", 150, 21.78798, 171],
["obj772", 150, 21.77446, 188],
["obj773", 150, 21.35308, 209],
["obj774", 150, 24.86465, 229],
["obj775", 150, 20.06942, 246],
["obj776", 150, 21.85675, 261],
["obj777", 150, 22.37398, 279],
["obj778", 150, 24.11911, 325],
["obj779", 150, 21.47122, 401],
["obj780", 150, 20.83187, 480],
["obj781", 151, 22.17017, 89],
["obj782", 151, 20.14699, 271],
["obj783", 151, 22.51515, 422],
["obj784", 151, 22.31116, 445],
["obj785", 152, 21.29629, 23],
["obj786", 152, 21.11581, 114],
["obj787", 152, 24.23253, 181],
["obj788", 152, 20.87475, 270],
["obj789", 152, 24.25686, 303],
["obj790", 152, 21.99768, 488],
["obj791", 153, 21.43525, 11],
["obj792", 153, 20.10187, 12],
["obj793", 153, 20.61286, 29],
["obj794", 153, 21.0043, 101],
["obj795", 153, 22.79701, 129],
["obj796", 153, 24.7174, 131],
["obj797", 153, 23.46131, 187],
["obj798", 153, 20.81149, 188],
["obj799", 153, 21.28716, 208],
["obj800", 153, 24.63356, 245],
["obj801", 153, 23.3303, 330],
["obj802", 153, 23.23798, 343],
["obj803", 153, 23.78663, 412],
["obj804", 153, 23.03982, 493],
["obj805", 154, 24.75984, 17],
["obj806", 154, 20.08282, 19],
["obj807", 154, 24.47498, 20],
["obj808", 154, 23.88195, 86],
["obj809", 154, 20.57951, 94],
["obj810", 154, 21.60312, 173],
["obj811", 154, 22.96097, 198],
["obj812", 154, 24.78975, 297],
["obj813", 154, 23.00755, 326],
["obj814", 154, 22.40025, 337],
["obj815", 154, 22.94179, 409],
["obj816", 154, 23.07336, 487],
["obj817", 155, 23.01988, 71],
["obj818", 155, 24.14244, 183],
["obj819", 155, 20.81426, 216],
["obj820", 155, 20.33583, 336],
["obj821", 155, 23.16284, 338],
["obj822", 155, 20.33071, 339],
["obj823", 156, 22.66199, 30],
["obj824", 156, 24.90345, 98],
["obj825", 156, 24.34334, 154],
["obj826", 156, 23.52754, 155],
["obj827", 156, 23.17996, 345],
["obj828", 156, 24.40691, 402],
["obj829", 156, 23.8783, 428],
["obj830", 157, 24.40988, 21],
["obj831", 157, 21.63473, 74],
["obj832", 157, 20.26141, 81],
["obj833", 157, 20.26525, 98],
["obj834", 158, 23.98115, 111],
["obj835", 158, 21.00772, 351],
["obj836", 158, 23.36964, 425],
["obj837", 159, 24.56277, 86],
["obj838", 159, 21.86643, 285],
["obj839", 159, 20.67987, 305],
["obj840", 159, 23.81401, 319],
["obj841", 159, 20.06343, 322],
["obj842", 159, 20.10673, 478],
["obj843", 159, 23.47132, 481],
["obj844", 160, 24.50695, 13],
["obj845", 160, 22.09208, 295],
["obj846", 160, 23.93231, 327],
["obj847", 160, 23.99079, 428],
["obj848", 160, 23.22791, 484],
["obj849", 161, 20.60415, 479],
["obj850", 162, 23.02532, 23],
["obj851", 162, 21.72626, 284],
["obj852", 162, 24.35677, 424],
["obj853", 162, 23.48854, 497],
["obj854", 163, 20.63841, 90],
["obj855", 163, 24.57927, 102],
["obj856", 163, 23.91295, 110],
["obj857", 163, 24.28354, 485],
["obj858", 164, 24.24289, 303],
["obj859", 164, 23.54209, 349],
["obj860", 164, 23.33258, 410],
["obj861", 164, 24.34909, 480],
["obj862", 164, 23.02671, 487],
["obj863", 165, 24.50663, 100],
["obj864", 165, 22.17322, 102],
["obj865", 166, 20.48264, 23],
["obj866", 166, 21.73713, 85],
["obj867", 166, 23.30359, 297],
["obj868", 167, 24.09731, 77],
["obj869", 167, 24.02771, 491],
["obj870", 168, 23.48961, 11],
["obj871", 168, 21.77959, 301],
["obj872", 168, 23.02275, 326],
["obj873", 168, 22.73435, 356],
["obj874", 169, 21.77435, 84],
["obj875", 169, 21.85619, 316],
["obj876", 169, 20.89662, 351],
["obj877", 169, 24.94785, 412],
["obj878", 169, 24.74616, 438],
["obj879", 170, 24.79675, 72],
["obj880", 170, 22.02747, 355],
["obj881", 170, 24.29267, 412],
["obj882", 170, 22.10449, 484],
["obj883", 170, 24.81198, 497],
["obj884", 171, 22.08858, 98],
["obj885", 171, 24.05926, 292],
["obj886", 171, 21.13305, 351],
["obj887", 171, 21.52487, 365],
["obj888", 171, 23.69723, 440],
["obj889", 172, 24.03834, 28],
["obj890", 172, 20.7648, 33],
["obj891", 172, 21.50347, 78],
["obj892", 172, 23.28484, 315],
["obj893", 172, 24.16149, 416],
["obj894", 173, 20.2032, 70],
["obj895", 173, 20.33996, 103],
["obj896", 173, 21.35173, 305],
["obj897", 173, 23.51145, 410],
["obj898", 173, 23.21863, 494],
["obj899", 173, 21.64373, 495],
["obj900", 174, 22.34561, 355],
["obj901", 174, 22.05532, 485],
["obj902", 175, 21.26476, 11],
["obj903", 175, 24.1617, 93],
["obj904", 175, 23.06367, 346],
["obj905", 176, 21.33953, 25],
["obj906", 176, 22.70238, 84],
["obj907", 176, 21.52785, 311],
["obj908", 176, 24.12685, 330],
["obj909", 176, 21.94728, 402],
["obj910", 177, 24.60023, 319],
["obj911", 177, 24.94645, 325],
["obj912", 177, 22.90351, 439],
["obj913", 177, 23.5752, 493],
["obj914", 179, 20.61784, 16],
["obj915", 179, 23.3603, 322],
["obj916", 179, 22.21649, 354],
["obj917", 179, 22.86491, 369],
["obj918", 179, 23.34186, 371],
["obj919", 179, 20.11652, 412],
["obj920", 179, 20.74345, 499],
["obj921", 180, 21.48808, 31],
["obj922", 180, 24.93798, 321],
["obj923", 180, 24.40943, 491],
["obj924", 181, 21.6777, 68],
["obj925", 181, 22.94155, 96],
["obj926", 181, 22.5834, 328],
["obj927", 181, 21.52171, 413],
["obj928", 182, 22.88389, 27],
["obj929", 182, 24.46758, 97],
["obj930", 182, 20.85883, 336],
["obj931", 182, 22.05523, 362],
["obj932", 182, 22.67134, 414],
["obj933", 182, 22.74551, 490],
["obj934", 183, 21.66688, 31],
["obj935", 183, 20.5822, 69],
["obj936", 183, 23.45071, 348],
["obj937", 183, 22.79929, 439],
["obj938", 183, 24.42428, 495],
["obj939", 184, 22.56643, 336],
["obj940", 184, 24.15679, 354],
["obj941", 184, 21.26999, 417],
["obj942", 185, 20.03913, 19],
["obj943", 185, 20.82951, 22],
["obj944", 185, 24.02381, 349],
["obj945", 185, 20.84492, 371],
["obj946", 185, 20.55057, 427],
["obj947", 186, 20.908, 12],
["obj948", 186, 22.93219, 22],
["obj949", 186, 22.27617, 92],
["obj950", 186, 24.86565, 368],
["obj951", 187, 22.53843, 21],
["obj952", 187, 24.899, 90],
["obj953", 187, 23.02934, 91],
["obj954", 187, 23.49798, 324],
["obj955", 187, 21.03654, 355],
["obj956", 188, 22.88213, 20],
["obj957", 188, 21.04051, 25],
["obj958", 188, 20.81129, 312],
["obj959", 188, 20.83262, 334],
["obj960", 188, 22.37659, 348],
["obj961", 188, 22.44825, 487],
["obj962", 189, 22.2403, 15],
["obj963", 189, 23.21425, 94],
["obj964", 189, 23.89399, 328],
["obj965", 189, 24.45634, 426],
["obj966", 190, 23.43705, 316],
["obj967", 190, 23.3848, 327],
["obj968", 191, 21.33752, 331],
["obj969", 191, 20.76347, 359],
["obj970", 191, 24.78477, 371],
["obj971", 192, 23.20902, 331],
["obj972", 192, 22.56103, 418],
["obj973", 193, 24.05462, 312],
["obj974", 193, 20.40851, 317],
["obj975", 193, 24.38545, 338],
["obj976", 193, 24.5218, 368],
["obj977", 194, 21.9341, 23],
["obj978", 194, 21.99885, 185],
["obj979", 194, 24.15555, 356],
["obj980", 194, 20.38828, 409],
["obj981", 194, 23.43952, 445],
["obj982", 195, 22.79963, 133],
["obj983", 195, 24.05074, 328],
["obj984", 195, 22.08943, 354],
["obj985", 195, 23.77432, 425],
["obj986", 196, 20.6345, 188],
["obj987", 196, 20.73711, 373],
["obj988", 197, 21.36764, 11],
["obj989", 197, 22.21843, 154],
["obj990", 197, 21.98549, 162],
["obj991", 197, 21.98565, 263],
["obj992", 197, 20.666, 356],
["obj993", 197, 21.86495, 441],
["obj994", 198, 20.37923, 143],
["obj995", 198, 24.83865, 172],
["obj996", 198, 21.75867, 174],
["obj997", 198, 20.25049, 194],
["obj998", 198, 23.05724, 358],
["obj999", 198, 21.79759, 430],
["obj1000", 198, 24.89417, 480],
["obj1001", 199, 21.53329, 23],
["obj1002", 199, 21.39423, 135],
["obj1003", 199, 23.79175, 143],
["obj1004", 199, 22.83383, 417],
["obj1005", 199, 22.49324, 444],
["obj1006", 200, 22.50417, 28],
["obj1007", 200, 23.07793, 66],
["obj1008", 200, 24.03752, 142],
["obj1009", 200, 24.35626, 254],
["obj1010", 200, 20.4243, 338],
["obj1011", 200, 20.25397, 344],
["obj1012", 201, 22.74983, 173],
["obj1013", 201, 20.32748, 187],
["obj1014", 201, 23.04705, 231],
["obj1015", 202, 20.02717, 27],
["obj1016", 202, 21.36702, 70],
["obj1017", 202, 20.20382, 245],
["obj1018", 202, 24.01359, 250],
["obj1019", 202, 24.50727, 334],
["obj1020", 202, 20.99542, 335],
["obj1021", 202, 20.99762, 494],
["obj1022", 203, 24.38106, 22],
["obj1023", 203, 21.88936, 250],
["obj1024", 203, 24.22147, 273],
["obj1025", 203, 21.62636, 488],
["obj1026", 204, 20.25593, 75],
["obj1027", 204, 21.29488, 166],
["obj1028", 204, 24.86958, 267],
["obj1029", 204, 23.33821, 488],
["obj1030", 205, 21.91371, 14],
["obj1031", 205, 22.11533, 30],
["obj1032", 205, 21.77365, 74],
["obj1033", 205, 21.11584, 141],
["obj1034", 205, 20.89867, 168],
["obj1035", 205, 20.47795, 266],
["obj1036", 205, 24.15479, 366],
["obj1037", 205, 23.01279, 425],
["obj1038", 205, 24.8907, 444],
["obj1039", 205, 23.77701, 496],
["obj1040", 206, 23.97882, 257],
["obj1041", 207, 20.44122, 137],
["obj1042", 207, 22.58216, 154],
["obj1043", 207, 20.64684, 160],
["obj1044", 207, 22.31567, 189],
["obj1045", 208, 21.82598, 135],
["obj1046", 208, 22.62755, 347],
["obj1047", 208, 23.34114, 478],
["obj1048", 209, 20.57619, 130],
["obj1049", 209, 21.72384, 136],
["obj1050", 209, 23.30812, 426],
["obj1051", 210, 22.82716, 11],
["obj1052", 210, 24.61008, 74],
["obj1053", 210, 24.00333, 428],
["obj1054", 210, 24.05572, 498],
["obj1055", 211, 23.49769, 17],
["obj1056", 211, 22.74259, 333],
["obj1057", 211, 20.09086, 441],
["obj1058", 212, 20.18258, 72],
["obj1059", 212, 20.06388, 144],
["obj1060", 212, 22.38819, 352],
["obj1061", 213, 21.20718, 68],
["obj1062", 213, 20.99629, 81],
["obj1063", 213, 23.20083, 440],
["obj1064", 213, 22.95992, 492],
["obj1065", 214, 21.97265, 178],
["obj1066", 215, 22.61917, 25],
["obj1067", 215, 22.14626, 74],
["obj1068", 215, 24.45297, 145],
["obj1069", 215, 20.24089, 165],
["obj1070", 216, 24.85026, 74],
["obj1071", 216, 24.23725, 130],
["obj1072", 216, 21.59226, 170],
["obj1073", 216, 24.3553, 340],
["obj1074", 216, 24.0936, 347],
["obj1075", 216, 23.17751, 424],
["obj1076", 216, 24.53292, 488],
["obj1077", 217, 22.52389, 73],
["obj1078", 217, 22.01259, 170],
["obj1079", 217, 22.99613, 345],
["obj1080", 217, 20.68049, 366],
["obj1081", 217, 21.94168, 489],
["obj1082", 218, 20.87744, 24],
["obj1083", 218, 21.30418, 289],
["obj1084", 218, 20.2936, 498],
["obj1085", 219, 24.38281, 130],
["obj1086", 219, 20.49057, 428],
["obj1087", 220, 22.94065, 279],
["obj1088", 220, 24.78772, 438],
["obj1089", 220, 23.63446, 485],
["obj1090", 221, 22.80848, 27],
["obj1091", 221, 23.39544, 135],
["obj1092", 221, 23.83378, 339],
["obj1093", 222, 22.57115, 19],
["obj1094", 222, 20.79732, 22],
["obj1095", 222, 21.98826, 84],
["obj1096", 222, 21.0669, 126],
["obj1097", 222, 22.17541, 146],
["obj1098", 222, 24.3919, 157],
["obj1099", 222, 21.50783, 444],
["obj1100", 222, 22.18445, 492],
["obj1101", 223, 24.00205, 161],
["obj1102", 224, 23.57941, 29],
["obj1103", 224, 22.50307, 67],
["obj1104", 224, 21.28208, 285],
["obj1105", 224, 24.8507, 288],
["obj1106", 225, 20.18281, 136],
["obj1107", 225, 24.42589, 162],
["obj1108", 225, 23.75383, 164],
["obj1109", 225, 24.73622, 166],
["obj1110", 225, 24.30578, 283],
["obj1111", 225, 22.56117, 289],
["obj1112", 225, 22.59171, 365],
["obj1113", 226, 24.19973, 347],
["obj1114", 226, 22.456, 369],
["obj1115", 227, 22.79891, 77],
["obj1116", 227, 21.28303, 133],
["obj1117", 227, 21.95405, 158],
["obj1118", 227, 20.99591, 425],
["obj1119", 228, 20.61996, 156],
["obj1120", 229, 20.30507, 140],
["obj1121", 229, 20.97556, 348],
["obj1122", 229, 24.80635, 349],
["obj1123", 229, 20.23085, 356],
["obj1124", 229, 20.75145, 433],
["obj1125", 230, 22.52836, 77],
["obj1126", 230, 20.53335, 375],
["obj1127", 231, 24.74587, 123],
["obj1128", 231, 24.31526, 423],
["obj1129", 232, 22.34906, 137],
["obj1130", 232, 22.22299, 152],
["obj1131", 232, 22.26644, 297],
["obj1132", 232, 20.21245, 369],
["obj1133", 232, 24.95241, 429],
["obj1134", 233, 23.68964, 66],
["obj1135", 233, 20.22294, 427],
["obj1136", 234, 24.87683, 125],
["obj1137", 234, 23.80088, 130],
["obj1138", 234, 22.37643, 360],
["obj1139", 234, 22.81927, 372],
["obj1140", 235, 21.27235, 144],
["obj1141", 235, 20.58418, 152],
["obj1142", 235, 21.03267, 443],
["obj1143", 236, 22.73138, 80],
["obj1144", 236, 20.11431, 428],
["obj1145", 236, 22.79371, 431],
["obj1146", 237, 20.41668, 64],
["obj1147", 237, 24.70628, 130],
["obj1148", 237, 23.06348, 137],
["obj1149", 237, 21.69732, 149],
["obj1150", 237, 23.19937, 153],
["obj1151", 237, 20.11581, 299],
["obj1152", 237, 21.45296, 342],
["obj1153", 237, 20.33392, 416],
["obj1154", 237, 20.40387, 481],
["obj1155", 238, 20.88465, 418],
["obj1156", 238, 21.79571, 493],
["obj1157", 239, 20.21073, 69],
["obj1158", 239, 24.48044, 77],
["obj1159", 239, 23.70632, 124],
["obj1160", 239, 23.56679, 296],
["obj1161", 240, 22.99859, 63],
["obj1162", 240, 21.08061, 131],
["obj1163", 240, 23.06689, 132],
["obj1164", 240, 22.30115, 367],
["obj1165", 240, 23.52373, 499],
["obj1166", 241, 20.11255, 16],
["obj1167", 241, 25.00859, 19],
["obj1168", 241, 24.39846, 72],
["obj1169", 241, 22.09646, 143],
["obj1170", 241, 24.30333, 353],
["obj1171", 241, 20.52389, 426],
["obj1172", 241, 23.32229, 445],
["obj1173", 242, 21.60589, 64],
["obj1174", 242, 21.55208, 140],
["obj1175", 242, 24.66495, 141],
["obj1176", 242, 21.6306, 303],
["obj1177", 242, 23.45296, 418],
["obj1178", 243, 24.28653, 79],
["obj1179", 243, 20.94314, 481],
["obj1180", 244, 21.61545, 15],
["obj1181", 244, 23.17275, 62],
["obj1182", 244, 24.53968, 361],
["obj1183", 244, 24.17666, 421],
["obj1184", 245, 23.93167, 67],
["obj1185", 245, 23.72451, 209],
["obj1186", 245, 22.84947, 428],
["obj1187", 246, 24.45017, 198],
["obj1188", 246, 20.76229, 434],
["obj1189", 246, 20.13466, 483],
["obj1190", 246, 20.40434, 488],
["obj1191", 246, 24.54122, 498],
["obj1192", 247, 22.28636, 138],
["obj1193", 247, 23.2814, 292],
["obj1194", 247, 20.11879, 430],
["obj1195", 248, 23.72529, 291],
["obj1196", 248, 22.06746, 433],
["obj1197", 249, 24.14622, 20],
["obj1198", 249, 20.31173, 77],
["obj1199", 249, 20.93932, 146],
["obj1200", 249, 21.72133, 194],
["obj1201", 249, 21.26111, 347],
["obj1202", 249, 24.13108, 491],
["obj1203", 250, 24.32509, 72],
["obj1204", 250, 24.75554, 124],
["obj1205", 250, 23.9168, 127],
["obj1206", 250, 24.06297, 146],
["obj1207", 250, 23.63518, 297],
["obj1208", 250, 24.98118, 362],
["obj1209", 250, 23.53357, 484],
["obj1210", 251, 23.24824, 69],
["obj1211", 251, 24.55386, 196],
["obj1212", 251, 23.07086, 486],
["obj1213", 251, 22.92514, 497],
["obj1214", 252, 23.84245, 17],
["obj1215", 252, 23.8952, 191],
["obj1216", 252, 24.04204, 346],
["obj1217", 252, 24.39697, 367],
["obj1218", 252, 20.46709, 374],
["obj1219", 252, 23.38335, 444],
["obj1220", 253, 20.75115, 23],
["obj1221", 253, 24.83818, 426],
["obj1222", 253, 22.16039, 497],
["obj1223", 254, 21.58921, 201],
["obj1224", 254, 21.70968, 299],
["obj1225", 254, 23.02986, 366],
["obj1226", 254, 20.6492, 443],
["obj1227", 254, 24.89996, 491],
["obj1228", 255, 23.7742, 72],
["obj1229", 255, 23.10255, 74],
["obj1230", 255, 20.64585, 135],
["obj1231", 255, 24.49925, 146],
["obj1232", 255, 23.30119, 203],
["obj1233", 255, 22.17919, 295],
["obj1234", 255, 24.16329, 424],
["obj1235", 255, 22.06864, 433],
["obj1236", 255, 24.72056, 496],
["obj1237", 255, 21.59227, 499],
["obj1238", 256, 22.61215, 132],
["obj1239", 256, 23.25951, 208],
["obj1240", 256, 24.22646, 299],
["obj1241", 256, 21.10105, 304],
["obj1242", 256, 22.06049, 305],
["obj1243", 256, 23.29497, 346],
["obj1244", 256, 21.07084, 353],
["obj1245", 256, 24.06862, 361],
["obj1246", 256, 24.89293, 483],
["obj1247", 257, 24.4999, 289],
["obj1248", 257, 24.20124, 296],
["obj1249", 257, 22.51446, 305],
["obj1250", 257, 24.0261, 308],
["obj1251", 257, 24.45678, 445],
["obj1252", 257, 23.61407, 488],
["obj1253", 258, 21.34266, 86],
["obj1254", 258, 22.51662, 211],
["obj1255", 258, 21.17472, 355],
["obj1256", 258, 22.07559, 481],
["obj1257", 259, 24.989, 12],
["obj1258", 259, 20.43392, 24],
["obj1259", 259, 24.93335, 130],
["obj1260", 259, 20.44476, 134],
["obj1261", 259, 24.61385, 136],
["obj1262", 259, 23.9481, 209],
["obj1263", 259, 24.47897, 302],
["obj1264", 259, 22.10836, 305],
["obj1265", 259, 23.72423, 357],
["obj1266", 259, 22.14363, 375],
["obj1267", 260, 23.62119, 77],
["obj1268", 260, 22.83498, 208],
["obj1269", 260, 21.28736, 344],
["obj1270", 260, 21.17181, 440],
["obj1271", 261, 22.12074, 18],
["obj1272", 261, 24.21219, 20],
["obj1273", 261, 20.39289, 186],
["obj1274", 261, 23.54207, 193],
["obj1275", 261, 24.39843, 196],
["obj1276", 261, 20.69505, 293],
["obj1277", 261, 23.91557, 346],
["obj1278", 261, 22.82784, 361],
["obj1279", 262, 20.81942, 72],
["obj1280", 262, 21.89801, 74],
["obj1281", 262, 20.15986, 87],
["obj1282", 262, 20.70078, 133],
["obj1283", 262, 22.18044, 196],
["obj1284", 262, 21.21157, 346],
["obj1285", 262, 23.59547, 355],
["obj1286", 262, 21.28557, 373],
["obj1287", 263, 22.70139, 345],
["obj1288", 263, 22.34686, 417],
["obj1289", 263, 22.82445, 437],
["obj1290", 263, 20.71696, 443],
["obj1291", 264, 24.07085, 124],
["obj1292", 264, 20.55812, 207],
["obj1293", 264, 20.90879, 379],
["obj1294", 265, 24.9218, 62],
["obj1295", 265, 24.45529, 126],
["obj1296", 265, 22.21316, 295],
["obj1297", 265, 20.54174, 299],
["obj1298", 266, 23.34608, 147],
["obj1299", 266, 20.98918, 486],
["obj1300", 266, 22.71811, 489],
["obj1301", 267, 24.64574, 82],
["obj1302", 267, 21.28041, 497],
["obj1303", 268, 24.85439, 219],
["obj1304", 268, 21.62486, 367],
["obj1305", 268, 23.2957, 434],
["obj1306", 268, 21.83628, 485],
["obj1307", 269, 24.96397, 15],
["obj1308", 269, 20.72657, 18],
["obj1309", 269, 20.38381, 210],
["obj1310", 269, 24.61587, 214],
["obj1311", 269, 22.59418, 482],
["obj1312", 269, 23.47846, 491],
["obj1313", 270, 20.12366, 200],
["obj1314", 270, 20.47184, 202],
["obj1315", 270, 23.67471, 435],
["obj1316", 270, 22.73296, 481],
["obj1317", 271, 22.71819, 23],
["obj1318", 271, 23.2593, 136],
["obj1319", 271, 22.84556, 197],
["obj1320", 272, 22.25361, 16],
["obj1321", 272, 23.28099, 70],
["obj1322", 272, 20.54185, 122],
["obj1323", 272, 23.66986, 354],
["obj1324", 272, 22.81421, 360],
["obj1325", 272, 23.26061, 423],
["obj1326", 272, 21.61577, 494],
["obj1327", 273, 20.4028, 341],
["obj1328", 273, 24.98411, 354],
["obj1329", 273, 20.13633, 365],
["obj1330", 274, 20.47585, 216],
["obj1331", 275, 20.7266, 67],
["obj1332", 275, 23.46623, 283],
["obj1333", 275, 21.13915, 284],
["obj1334", 275, 22.34947, 295],
["obj1335", 275, 21.15216, 342],
["obj1336", 275, 22.67385, 430],
["obj1337", 275, 21.65178, 494],
["obj1338", 276, 21.45494, 64],
["obj1339", 276, 20.13376, 418],
["obj1340", 277, 23.17538, 22],
["obj1341", 277, 22.63231, 87],
["obj1342", 278, 20.25399, 127],
["obj1343", 279, 22.58065, 148],
["obj1344", 279, 20.23976, 377],
["obj1345", 279, 23.63728, 445],
["obj1346", 279, 24.26211, 486],
["obj1347", 280, 22.24468, 12],
["obj1348", 281, 23.47771, 197],
["obj1349", 281, 24.71518, 340],
["obj1350", 282, 23.60262, 11],
["obj1351", 282, 22.2265, 66],
["obj1352", 282, 23.59969, 74],
["obj1353", 282, 24.7465, 84],
["obj1354", 282, 23.75489, 125],
["obj1355", 282, 20.2635, 147],
["obj1356", 282, 23.9227, 221],
["obj1357", 282, 23.47626, 222],
["obj1358", 282, 24.86545, 337],
["obj1359", 282, 24.64549, 437],
["obj1360", 283, 23.78311, 76],
["obj1361", 283, 23.48111, 147],
["obj1362", 283, 20.54036, 441],
["obj1363", 283, 22.23663, 484],
["obj1364", 283, 21.85323, 492],
["obj1365", 284, 24.41823, 135],
["obj1366", 284, 21.58245, 346],
["obj1367", 284, 20.06868, 353],
["obj1368", 284, 23.37016, 480],
["obj1369", 285, 23.19636, 337],
["obj1370", 286, 24.56688, 12],
["obj1371", 286, 20.47171, 378],
["obj1372", 286, 20.36681, 445],
["obj1373", 286, 23.41686, 479],
["obj1374", 287, 23.95767, 68],
["obj1375", 287, 23.18202, 137],
["obj1376", 287, 23.20563, 346],
["obj1377", 287, 22.27232, 350],
["obj1378", 287, 21.82354, 353],
["obj1379", 287, 21.57162, 372],
["obj1380", 288, 21.50987, 77],
["obj1381", 288, 22.02501, 88],
["obj1382", 288, 24.74062, 349],
["obj1383", 288, 22.79399, 438],
["obj1384", 289, 21.15713, 72],
["obj1385", 289, 21.6278, 155],
["obj1386", 289, 21.07845, 435],
["obj1387", 289, 22.2829, 436],
["obj1388", 290, 22.98396, 14],
["obj1389", 290, 20.20501, 89],
["obj1390", 290, 24.58148, 154],
["obj1391", 290, 23.40074, 220],
["obj1392", 290, 22.69636, 377],
["obj1393", 290, 23.60318, 435],
["obj1394", 291, 23.44241, 89],
["obj1395", 291, 21.14919, 256],
["obj1396", 291, 23.56287, 261],
["obj1397", 291, 22.59152, 365],
["obj1398", 291, 21.83183, 494],
["obj1399", 292, 21.616, 21],
["obj1400", 292, 21.48948, 207],
["obj1401", 292, 20.90151, 223],
["obj1402", 293, 22.85108, 220],
["obj1403", 293, 23.61871, 240],
["obj1404", 293, 22.42786, 360],
["obj1405", 293, 20.68031, 377],
["obj1406", 293, 22.95992, 426],
["obj1407", 294, 22.39716, 125],
["obj1408", 294, 20.34594, 347],
["obj1409", 294, 21.88395, 432],
["obj1410", 295, 22.60915, 136],
["obj1411", 295, 22.49567, 217],
["obj1412", 295, 21.58441, 423],
["obj1413", 296, 20.26824, 365],
["obj1414", 296, 22.02758, 416],
["obj1415", 296, 24.48988, 483],
["obj1416", 296, 22.1163, 487],
["obj1417", 297, 24.23492, 60],
["obj1418", 297, 20.72893, 359],
["obj1419", 297, 21.40806, 428],
["obj1420", 297, 21.71894, 436],
["obj1421", 297, 22.60103, 493],
["obj1422", 299, 24.32917, 60],
["obj1423", 299, 23.45915, 144],
["obj1424", 299, 21.79131, 486],
["obj1425", 300, 22.31809, 144],
["obj1426", 300, 23.69129, 156],
["obj1427", 300, 20.93793, 159],
["obj1428", 300, 24.58584, 331],
["obj1429", 300, 20.60996, 493],
["obj1430", 302, 21.5114, 17],
["obj1431", 302, 20.57584, 133],
["obj1432", 303, 21.91136, 153],
["obj1433", 304, 24.54243, 25],
["obj1434", 304, 21.14912, 84],
["obj1435", 304, 22.75454, 331],
["obj1436", 304, 21.31782, 422],
["obj1437", 304, 24.86444, 436],
["obj1438", 304, 23.10657, 491],
["obj1439", 305, 23.33703, 88],
["obj1440", 305, 22.09663, 89],
["obj1441", 305, 24.6358, 353],
["obj1442", 305, 23.63982, 484],
["obj1443", 305, 20.98067, 489],
["obj1444", 306, 21.70779, 62],
["obj1445", 306, 23.59852, 132],
["obj1446", 306, 22.0681, 137],
["obj1447", 306, 21.33644, 139],
["obj1448", 306, 22.93441, 332],
["obj1449", 306, 20.02296, 354],
["obj1450", 306, 24.48153, 375],
["obj1451", 306, 20.49328, 422],
["obj1452", 306, 22.7611, 486],
["obj1453", 307, 21.70574, 317],
["obj1454", 307, 24.0239, 365],
["obj1455", 307, 23.69608, 424],
["obj1456", 307, 22.0193, 427],
["obj1457", 307, 23.60499, 432],
["obj1458", 308, 24.73883, 336],
["obj1459", 308, 24.17352, 357],
["obj1460", 308, 22.49759, 430],
["obj1461", 308, 21.38758, 482],
["obj1462", 309, 24.20806, 60],
["obj1463", 309, 20.36436, 340],
["obj1464", 309, 22.5374, 355],
["obj1465", 310, 23.47735, 58],
["obj1466", 310, 23.61812, 314],
["obj1467", 310, 24.50221, 343],
["obj1468", 311, 22.78022, 149],
["obj1469", 311, 22.46209, 356],
["obj1470", 311, 20.84868, 437],
["obj1471", 312, 20.74424, 131],
["obj1472", 312, 23.30959, 132],
["obj1473", 312, 22.52289, 134],
["obj1474", 312, 22.17006, 142],
["obj1475", 312, 24.948, 355],
["obj1476", 312, 22.84381, 481],
["obj1477", 313, 24.92552, 15],
["obj1478", 313, 23.31025, 20],
["obj1479", 313, 22.32715, 147],
["obj1480", 313, 21.19812, 424],
["obj1481", 313, 23.03901, 430],
["obj1482", 314, 20.43429, 174],
["obj1483", 314, 21.67634, 318],
["obj1484", 314, 22.27525, 328],
["obj1485", 314, 20.93623, 479],
["obj1486", 314, 24.66713, 481],
["obj1487", 315, 20.33052, 71],
["obj1488", 315, 20.94502, 73],
["obj1489", 315, 23.09174, 131],
["obj1490", 315, 21.51164, 157],
["obj1491", 315, 21.6524, 413],
["obj1492", 315, 24.64046, 485],
["obj1493", 316, 24.33785, 65],
["obj1494", 316, 23.38524, 419],
["obj1495", 317, 24.7989, 77],
["obj1496", 317, 23.98015, 141],
["obj1497", 317, 23.07974, 157],
["obj1498", 317, 24.29637, 419],
["obj1499", 317, 21.53109, 436],
["obj1500", 317, 21.88742, 438],
["obj1501", 318, 20.97901, 162],
["obj1502", 318, 21.98352, 175],
["obj1503", 318, 21.1598, 309],
["obj1504", 318, 23.73623, 323],
["obj1505", 318, 20.8193, 329],
["obj1506", 319, 22.52728, 59],
["obj1507", 319, 23.44419, 136],
["obj1508", 319, 22.72911, 158],
["obj1509", 319, 20.33071, 309],
["obj1510", 319, 24.58354, 370],
["obj1511", 319, 23.85037, 417],
["obj1512", 320, 21.05053, 79],
["obj1513", 320, 24.76651, 83],
["obj1514", 320, 21.7349, 300],
["obj1515", 320, 20.69429, 349],
["obj1516", 320, 20.27801, 426],
["obj1517", 321, 23.18674, 302],
["obj1518", 321, 22.42561, 318],
["obj1519", 321, 23.62918, 354],
["obj1520", 321, 20.74015, 439],
["obj1521", 322, 24.22085, 76],
["obj1522", 322, 23.10281, 177],
["obj1523", 322, 22.47158, 322],
["obj1524", 322, 20.07634, 413],
["obj1525", 322, 22.05198, 426],
["obj1526", 322, 23.82949, 429],
["obj1527", 322, 22.96052, 430],
["obj1528", 322, 23.48966, 476],
["obj1529", 323, 23.46307, 96],
["obj1530", 323, 23.4213, 137],
["obj1531", 323, 21.16343, 150],
["obj1532", 323, 23.97551, 291],
["obj1533", 323, 22.23123, 298],
["obj1534", 323, 21.35644, 301],
["obj1535", 323, 20.25404, 324],
["obj1536", 323, 21.90103, 358],
["obj1537", 323, 24.4565, 412],
["obj1538", 323, 24.74705, 441],
["obj1539", 323, 24.54589, 499],
["obj1540", 324, 24.4101, 12],
["obj1541", 324, 22.39997, 91],
["obj1542", 324, 22.45695, 183],
["obj1543", 324, 23.39835, 328],
["obj1544", 324, 23.03452, 341],
["obj1545", 324, 20.70711, 413],
["obj1546", 324, 21.98738, 418],
["obj1547", 325, 22.63669, 58],
["obj1548", 325, 24.53046, 146],
["obj1549", 325, 22.13167, 345],
["obj1550", 325, 21.02575, 349],
["obj1551", 325, 24.15275, 350],
["obj1552", 326, 24.37922, 154],
["obj1553", 326, 22.2567, 177],
["obj1554", 327, 22.52969, 182],
["obj1555", 327, 20.15556, 184],
["obj1556", 328, 23.19408, 17],
["obj1557", 328, 23.98404, 58],
["obj1558", 328, 21.17115, 150],
["obj1559", 328, 21.29658, 218],
["obj1560", 328, 21.3794, 305],
["obj1561", 328, 22.45192, 328],
["obj1562", 328, 23.29988, 414],
["obj1563", 329, 22.20803, 206],
["obj1564", 329, 24.22995, 261],
["obj1565", 329, 24.60954, 291],
["obj1566", 329, 23.66086, 319],
["obj1567", 329, 20.49341, 358],
["obj1568", 330, 21.58015, 21],
["obj1569", 330, 21.08538, 22],
["obj1570", 330, 20.75494, 148],
["obj1571", 330, 22.17628, 181],
["obj1572", 330, 22.25947, 190],
["obj1573", 330, 24.75368, 244],
["obj1574", 330, 23.61409, 284],
["obj1575", 330, 20.84698, 338],
["obj1576", 330, 21.41902, 340],
["obj1577", 330, 23.68464, 343],
["obj1578", 330, 23.06228, 356],
["obj1579", 330, 20.82123, 480],
["obj1580", 330, 22.88123, 481],
["obj1581", 331, 22.13907, 164],
["obj1582", 331, 22.72963, 170],
["obj1583", 331, 21.41876, 181],
["obj1584", 331, 23.94768, 219],
["obj1585", 331, 22.14534, 349],
["obj1586", 331, 21.09661, 435],
["obj1587", 332, 20.39165, 153],
["obj1588", 332, 23.75629, 162],
["obj1589", 332, 23.58698, 194],
["obj1590", 332, 24.95728, 196],
["obj1591", 332, 21.64149, 200],
["obj1592", 332, 20.56297, 251],
["obj1593", 332, 21.4899, 309],
["obj1594", 333, 22.15749, 78],
["obj1595", 333, 23.01048, 80],
["obj1596", 333, 24.0046, 91],
["obj1597", 333, 24.33913, 198],
["obj1598", 333, 22.80079, 277],
["obj1599", 333, 23.53982, 283],
["obj1600", 334, 21.43787, 149],
["obj1601", 334, 22.37153, 205],
["obj1602", 334, 24.60629, 206],
["obj1603", 334, 23.42251, 228],
["obj1604", 334, 21.07407, 419],
["obj1605", 335, 23.65843, 67],
["obj1606", 335, 22.77485, 82],
["obj1607", 335, 21.72158, 198],
["obj1608", 335, 24.66041, 217],
["obj1609", 335, 20.0155, 227],
["obj1610", 335, 23.62386, 365],
["obj1611", 335, 24.02764, 435],
["obj1612", 335, 24.23814, 497],
["obj1613", 336, 20.38183, 75],
["obj1614", 336, 24.144, 237],
["obj1615", 336, 20.25689, 321],
["obj1616", 336, 21.98569, 324],
["obj1617", 336, 21.15491, 415],
["obj1618", 336, 23.18933, 481],
["obj1619", 337, 24.9988, 169],
["obj1620", 337, 21.04602, 179],
["obj1621", 337, 21.49964, 202],
["obj1622", 337, 21.82517, 319],
["obj1623", 337, 20.15703, 415],
["obj1624", 337, 21.66288, 478],
["obj1625", 337, 20.4007, 488],
["obj1626", 338, 22.89225, 69],
["obj1627", 338, 24.81384, 102],
["obj1628", 338, 23.58862, 189],
["obj1629", 338, 20.65233, 289],
["obj1630", 338, 20.13277, 300],
["obj1631", 338, 20.27607, 337],
["obj1632", 339, 24.83263, 62],
["obj1633", 339, 22.15159, 68],
["obj1634", 339, 22.65741, 79],
["obj1635", 339, 20.91059, 158],
["obj1636", 339, 20.26265, 162],
["obj1637", 339, 22.86092, 170],
["obj1638", 339, 23.26288, 191],
["obj1639", 339, 24.13255, 216],
["obj1640", 339, 20.69071, 252],
["obj1641", 339, 23.15885, 263],
["obj1642", 339, 24.09868, 337],
["obj1643", 339, 23.34928, 417],
["obj1644", 339, 21.49635, 484],
["obj1645", 340, 23.42329, 87],
["obj1646", 340, 24.38227, 153],
["obj1647", 340, 24.0822, 181],
["obj1648", 340, 21.37101, 214],
["obj1649", 340, 20.94933, 281],
["obj1650", 340, 22.51066, 290],
["obj1651", 340, 21.26169, 413],
["obj1652", 340, 22.66615, 436],
["obj1653", 340, 21.85452, 498],
["obj1654", 341, 24.20684, 81],
["obj1655", 341, 24.37243, 162],
["obj1656", 341, 20.63845, 313],
["obj1657", 341, 21.05419, 326],
["obj1658", 341, 21.03428, 337],
["obj1659", 341, 24.87983, 345],
["obj1660", 342, 23.49847, 159],
["obj1661", 342, 24.07933, 193],
["obj1662", 342, 20.90354, 203],
["obj1663", 342, 23.64635, 220],
["obj1664", 342, 24.68719, 254],
["obj1665", 342, 21.93542, 257],
["obj1666", 342, 23.97691, 291],
["obj1667", 342, 20.67333, 329],
["obj1668", 342, 20.30585, 333],
["obj1669", 342, 20.96186, 408],
["obj1670", 343, 20.86426, 13],
["obj1671", 343, 22.69718, 17],
["obj1672", 343, 20.94919, 65],
["obj1673", 343, 24.03462, 173],
["obj1674", 343, 23.94277, 193],
["obj1675", 343, 22.29343, 237],
["obj1676", 343, 21.06341, 409],
["obj1677", 343, 20.1513, 432],
["obj1678", 343, 22.13323, 478],
["obj1679", 343, 23.82647, 483],
["obj1680", 344, 21.319, 77],
["obj1681", 344, 21.62105, 237],
["obj1682", 344, 22.42121, 279],
["obj1683", 344, 21.02965, 289],
["obj1684", 344, 20.19103, 481],
["obj1685", 344, 22.43641, 489],
["obj1686", 345, 24.06026, 74],
["obj1687", 345, 20.48424, 165],
["obj1688", 345, 23.36127, 202],
["obj1689", 345, 21.95251, 244],
["obj1690", 345, 21.11234, 246],
["obj1691", 345, 21.73023, 279],
["obj1692", 345, 21.85213, 349],
["obj1693", 345, 21.04121, 499],
["obj1694", 346, 24.70031, 308],
["obj1695", 346, 21.71809, 315],
["obj1696", 346, 24.48536, 402],
["obj1697", 346, 22.8107, 428],
["obj1698", 347, 21.60155, 12],
["obj1699", 347, 24.44391, 16],
["obj1700", 347, 22.39612, 74],
["obj1701", 347, 24.8653, 247],
["obj1702", 347, 21.71892, 271],
["obj1703", 347, 24.09516, 282],
["obj1704", 347, 20.94062, 295],
["obj1705", 347, 23.91941, 310],
["obj1706", 347, 23.02416, 414],
["obj1707", 348, 20.59422, 84],
["obj1708", 348, 23.9242, 99],
["obj1709", 348, 20.57837, 106],
["obj1710", 348, 23.917, 241],
["obj1711", 348, 24.26118, 293],
["obj1712", 348, 21.15143, 305],
["obj1713", 348, 20.05729, 339],
["obj1714", 348, 22.22501, 416],
["obj1715", 348, 24.11849, 493],
["obj1716", 349, 20.92178, 168],
["obj1717", 349, 21.47861, 171],
["obj1718", 349, 23.5824, 177],
["obj1719", 349, 20.33499, 203],
["obj1720", 349, 23.26725, 422],
["obj1721", 349, 22.5356, 437],
["obj1722", 350, 23.84912, 72],
["obj1723", 350, 22.75849, 175],
["obj1724", 350, 20.08268, 285],
["obj1725", 350, 21.53763, 312],
["obj1726", 350, 23.79346, 342],
["obj1727", 350, 20.95358, 345],
["obj1728", 350, 21.03458, 485],
["obj1729", 351, 23.94033, 11],
["obj1730", 351, 22.88341, 191],
["obj1731", 351, 22.35132, 351],
["obj1732", 352, 20.97548, 17],
["obj1733", 352, 20.5296, 20],
["obj1734", 352, 24.92701, 65],
["obj1735", 352, 21.60699, 88],
["obj1736", 352, 21.95599, 99],
["obj1737", 352, 23.02309, 211],
["obj1738", 352, 20.78708, 228],
["obj1739", 352, 23.26719, 307],
["obj1740", 352, 20.25426, 333],
["obj1741", 352, 23.61472, 399],
["obj1742", 352, 20.82269, 434],
["obj1743", 353, 24.78919, 71],
["obj1744", 353, 21.23923, 105],
["obj1745", 353, 21.88997, 262],
["obj1746", 353, 24.57749, 302],
["obj1747", 353, 23.36231, 433],
["obj1748", 353, 23.45376, 472],
["obj1749", 353, 24.55517, 499],
["obj1750", 354, 23.98118, 26],
["obj1751", 354, 22.52366, 193],
["obj1752", 354, 24.50833, 209],
["obj1753", 354, 22.89409, 216],
["obj1754", 354, 23.04483, 225],
["obj1755", 354, 21.65912, 252],
["obj1756", 354, 22.4802, 437],
["obj1757", 354, 20.0108, 495],
["obj1758", 354, 22.59684, 499],
["obj1759", 355, 22.53513, 21],
["obj1760", 355, 20.08658, 24],
["obj1761", 355, 22.09152, 94],
["obj1762", 355, 21.03599, 103],
["obj1763", 355, 20.2, 189],
["obj1764", 355, 22.34076, 320],
["obj1765", 355, 22.63186, 347],
["obj1766", 355, 20.91177, 411],
["obj1767", 355, 23.34748, 419],
["obj1768", 355, 21.40134, 434],
["obj1769", 356, 24.8129, 11],
["obj1770", 356, 20.97954, 67],
["obj1771", 356, 20.34908, 191],
["obj1772", 356, 20.52802, 242],
["obj1773", 356, 22.66995, 254],
["obj1774", 356, 22.05229, 262],
["obj1775", 356, 24.41649, 270],
["obj1776", 356, 22.58013, 284],
["obj1777", 356, 22.92075, 306],
["obj1778", 357, 22.83573, 69],
["obj1779", 357, 23.5714, 93],
["obj1780", 357, 23.62713, 189],
["obj1781", 357, 22.9959, 398],
["obj1782", 357, 22.21063, 407],
["obj1783", 357, 20.78859, 475],
["obj1784", 357, 24.19705, 495],
["obj1785", 358, 20.69081, 15],
["obj1786", 358, 22.34775, 266],
["obj1787", 358, 24.54871, 307],
["obj1788", 358, 24.40869, 394],
["obj1789", 358, 21.84797, 428],
["obj1790", 359, 21.52169, 18],
["obj1791", 359, 22.04965, 73],
["obj1792", 359, 20.43072, 180],
["obj1793", 359, 24.50919, 185],
["obj1794", 359, 23.85733, 228],
["obj1795", 359, 23.68307, 240],
["obj1796", 359, 24.10155, 282],
["obj1797", 359, 23.31235, 337],
["obj1798", 359, 23.27287, 428],
["obj1799", 359, 23.05807, 434],
["obj1800", 360, 25.00356, 14],
["obj1801", 360, 20.4089, 79],
["obj1802", 360, 20.17089, 118],
["obj1803", 360, 20.70416, 222],
["obj1804", 360, 23.35904, 263],
["obj1805", 360, 22.94011, 403],
["obj1806", 360, 23.78518, 485],
["obj1807", 361, 22.26506, 250],
["obj1808", 361, 22.61151, 421],
["obj1809", 361, 20.27757, 487],
["obj1810", 362, 20.34834, 208],
["obj1811", 362, 24.0623, 431],
["obj1812", 363, 21.59122, 22],
["obj1813", 363, 20.84017, 219],
["obj1814", 363, 24.4371, 259],
["obj1815", 363, 24.66037, 281],
["obj1816", 363, 24.93129, 294],
["obj1817", 363, 22.69932, 417],
["obj1818", 363, 23.70741, 471],
["obj1819", 363, 20.19555, 484],
["obj1820", 363, 24.53546, 487],
["obj1821", 364, 22.15008, 84],
["obj1822", 364, 24.03206, 227],
["obj1823", 364, 21.52888, 338],
["obj1824", 364, 22.74848, 479],
["obj1825", 365, 21.33247, 24],
["obj1826", 365, 21.83717, 490],
["obj1827", 366, 22.16544, 12],
["obj1828", 366, 20.49385, 223],
["obj1829", 366, 24.60336, 236],
["obj1830", 366, 24.95403, 283],
["obj1831", 366, 22.33198, 424],
["obj1832", 367, 24.79217, 13],
["obj1833", 367, 21.30511, 19],
["obj1834", 367, 23.26271, 27],
["obj1835", 367, 21.31145, 85],
["obj1836", 367, 20.33225, 206],
["obj1837", 367, 21.24143, 300],
["obj1838", 367, 23.76472, 302],
["obj1839", 367, 22.58998, 480],
["obj1840", 368, 21.98022, 74],
["obj1841", 368, 20.64145, 101],
["obj1842", 368, 24.12501, 123],
["obj1843", 368, 20.45427, 253],
["obj1844", 368, 20.53379, 262],
["obj1845", 368, 20.64851, 267],
["obj1846", 368, 23.03045, 396],
["obj1847", 369, 20.87398, 85],
["obj1848", 369, 20.53973, 269],
["obj1849", 370, 22.49378, 76],
["obj1850", 370, 22.75121, 85],
["obj1851", 370, 21.14736, 111],
["obj1852", 370, 21.80902, 207],
["obj1853", 370, 21.45226, 266],
["obj1854", 370, 24.10592, 275],
["obj1855", 370, 24.61638, 280],
["obj1856", 370, 23.05264, 298],
["obj1857", 370, 23.55215, 424],
["obj1858", 371, 21.10618, 14],
["obj1859", 371, 21.15586, 210],
["obj1860", 371, 20.3745, 223],
["obj1861", 371, 20.87382, 260],
["obj1862", 371, 21.54371, 268],
["obj1863", 371, 21.67135, 306],
["obj1864", 371, 21.62789, 481],
["obj1865", 372, 24.72383, 217],
["obj1866", 372, 21.72618, 231],
["obj1867", 372, 20.7945, 481],
["obj1868", 373, 24.49663, 305],
["obj1869", 373, 21.97076, 390],
["obj1870", 373, 20.06191, 410],
["obj1871", 374, 21.0349, 131],
["obj1872", 374, 24.02559, 497],
["obj1873", 375, 23.70568, 82],
["obj1874", 375, 24.80401, 121],
["obj1875", 375, 23.74967, 390],
["obj1876", 375, 22.5542, 474],
["obj1877", 376, 20.40266, 71],
["obj1878", 376, 22.93188, 98],
["obj1879", 376, 21.38233, 103],
["obj1880", 376, 22.55344, 117],
["obj1881", 376, 20.39999, 494],
["obj1882", 377, 23.24507, 106],
["obj1883", 377, 21.32035, 395],
["obj1884", 377, 24.32925, 402],
["obj1885", 377, 22.3411, 477],
["obj1886", 379, 22.59952, 68],
["obj1887", 379, 24.96026, 91],
["obj1888", 379, 21.29716, 403],
["obj1889", 379, 24.16249, 414],
["obj1890", 380, 22.05979, 12],
["obj1891", 380, 21.54763, 13],
["obj1892", 380, 21.19699, 21],
["obj1893", 380, 22.02071, 27],
["obj1894", 380, 22.77481, 426],
["obj1895", 381, 22.75694, 66],
["obj1896", 381, 20.8011, 88],
["obj1897", 381, 23.04283, 94],
["obj1898", 381, 20.2033, 110],
["obj1899", 381, 24.06449, 119],
["obj1900", 381, 23.27587, 402],
["obj1901", 381, 21.2893, 493],
["obj1902", 382, 22.73282, 14],
["obj1903", 382, 21.22289, 84],
["obj1904", 382, 20.72871, 98],
["obj1905", 382, 22.43629, 110],
["obj1906", 382, 20.73654, 390],
["obj1907", 383, 23.72548, 17],
["obj1908", 383, 23.00699, 64],
["obj1909", 383, 24.43235, 89],
["obj1910", 383, 23.02504, 90],
["obj1911", 383, 24.91987, 110],
["obj1912", 383, 20.85234, 145],
["obj1913", 383, 23.36732, 399],
["obj1914", 383, 20.90862, 407],
["obj1915", 383, 23.80383, 420],
["obj1916", 385, 24.31417, 28],
["obj1917", 385, 20.18331, 153],
["obj1918", 385, 21.94069, 158],
["obj1919", 385, 23.507, 391],
["obj1920", 385, 20.10482, 405],
["obj1921", 386, 23.40952, 18],
["obj1922", 386, 21.72746, 152],
["obj1923", 386, 23.46853, 394],
["obj1924", 386, 22.89261, 427],
["obj1925", 387, 21.92748, 110],
["obj1926", 387, 23.91388, 135],
["obj1927", 387, 23.32822, 375],
["obj1928", 387, 21.56789, 403],
["obj1929", 388, 24.98253, 76],
["obj1930", 388, 22.80631, 166],
["obj1931", 388, 24.14033, 368],
["obj1932", 388, 22.08012, 421],
["obj1933", 388, 20.82766, 427],
["obj1934", 389, 23.41273, 109],
["obj1935", 389, 22.84739, 138],
["obj1936", 389, 24.48069, 139],
["obj1937", 389, 20.13933, 407],
["obj1938", 390, 24.31662, 98],
["obj1939", 390, 23.25878, 115],
["obj1940", 390, 22.88582, 477],
["obj1941", 391, 24.68335, 15],
["obj1942", 391, 24.36944, 26],
["obj1943", 391, 21.00462, 107],
["obj1944", 391, 24.83978, 159],
["obj1945", 391, 21.82619, 487],
["obj1946", 392, 21.92122, 32],
["obj1947", 392, 21.24482, 82],
["obj1948", 392, 22.22727, 103],
["obj1949", 392, 21.61567, 111],
["obj1950", 392, 21.99112, 167],
["obj1951", 392, 23.59917, 373],
["obj1952", 392, 22.04058, 419],
["obj1953", 393, 24.67516, 18],
["obj1954", 393, 22.34931, 94],
["obj1955", 393, 21.62748, 134],
["obj1956", 393, 22.39673, 159],
["obj1957", 394, 21.77985, 97],
["obj1958", 394, 24.03913, 103],
["obj1959", 394, 20.49866, 130],
["obj1960", 394, 23.86458, 165],
["obj1961", 394, 22.94269, 421],
["obj1962", 394, 20.97689, 491],
["obj1963", 395, 22.01956, 77],
["obj1964", 395, 21.49032, 95],
["obj1965", 395, 23.33928, 98],
["obj1966", 395, 20.11273, 102],
["obj1967", 395, 21.18121, 109],
["obj1968", 395, 21.09236, 111],
["obj1969", 395, 24.92577, 375],
["obj1970", 395, 22.71439, 399],
["obj1971", 395, 21.11376, 492],
["obj1972", 396, 22.67011, 357],
["obj1973", 396, 24.62775, 393],
["obj1974", 397, 20.5544, 25],
["obj1975", 397, 22.55822, 29],
["obj1976", 397, 24.44468, 126],
["obj1977", 397, 24.44667, 484],
["obj1978", 398, 22.60015, 17],
["obj1979", 398, 22.07635, 132],
["obj1980", 398, 24.26037, 146],
["obj1981", 398, 20.96158, 163],
["obj1982", 398, 21.80295, 355],
["obj1983", 398, 24.90158, 383],
["obj1984", 398, 22.27905, 486],
["obj1985", 399, 23.2411, 90],
["obj1986", 399, 23.69225, 129],
["obj1987", 399, 22.01593, 147],
["obj1988", 399, 23.01453, 176],
["obj1989", 399, 25.0013, 419],
["obj1990", 400, 24.28655, 32],
["obj1991", 400, 21.48042, 137],
["obj1992", 400, 20.9718, 167],
["obj1993", 400, 20.08953, 395],
["obj1994", 400, 24.57137, 420],
["obj1995", 401, 21.97591, 31],
["obj1996", 401, 21.72404, 101],
["obj1997", 401, 20.58147, 115],
["obj1998", 401, 24.87518, 368],
["obj1999", 401, 20.93728, 383],
["obj2000", 401, 23.46994, 384],
["obj2001", 401, 24.659, 410],
["obj2002", 401, 24.31043, 472],
["obj2003", 401, 24.98589, 486],
["obj2004", 401, 23.29939, 489],
["obj2005", 402, 22.11536, 17],
["obj2006", 402, 23.60406, 114],
["obj2007", 402, 22.89166, 133],
["obj2008", 402, 23.28856, 137],
["obj2009", 402, 23.85755, 180],
["obj2010", 402, 24.09802, 356],
["obj2011", 403, 20.16996, 80],
["obj2012", 403, 23.60259, 81],
["obj2013", 403, 24.01335, 110],
["obj2014", 403, 23.37531, 121],
["obj2015", 403, 23.67037, 160],
["obj2016", 404, 22.29161, 90],
["obj2017", 404, 23.05674, 132],
["obj2018", 405, 22.35336, 152],
["obj2019", 405, 22.47961, 465],
["obj2020", 405, 21.69439, 481],
["obj2021", 406, 22.65905, 89],
["obj2022", 406, 23.11442, 185],
["obj2023", 406, 24.3809, 187],
["obj2024", 406, 22.92613, 370],
["obj2025", 406, 21.53276, 481],
["obj2026", 407, 20.08982, 72],
["obj2027", 407, 22.44156, 100],
["obj2028", 407, 24.55003, 106],
["obj2029", 407, 23.68942, 196],
["obj2030", 407, 20.99168, 207],
["obj2031", 407, 20.22795, 366],
["obj2032", 407, 23.25549, 389],
["obj2033", 407, 22.38163, 470],
["obj2034", 407, 25.00011, 497],
["obj2035", 408, 24.71161, 161],
["obj2036", 408, 23.90061, 179],
["obj2037", 408, 22.85177, 225],
["obj2038", 408, 21.28093, 395],
["obj2039", 408, 21.35299, 413],
["obj2040", 408, 21.05598, 495],
["obj2041", 409, 24.66845, 12],
["obj2042", 409, 23.08032, 36],
["obj2043", 409, 22.48437, 144],
["obj2044", 409, 22.50874, 189],
["obj2045", 409, 21.27286, 216],
["obj2046", 409, 20.78646, 413],
["obj2047", 409, 24.11184, 462]
]
